driver_id,total_trips,total_revenue,average_rating
D01246,19,788.1899999999999,4.0
D01859,22,761.2900000000001,2.8181818181818183
D08606,20,756.56,2.5
D06061,21,729.67,2.2857142857142856
D06724,23,704.7800000000002,3.2222222222222223
D06857,19,696.3299999999999,2.857142857142857
D03369,20,692.87,3.6
D00613,18,692.43,3.5714285714285716
D04925,19,692.23,3.3333333333333335
D08984,20,678.09,3.1666666666666665
D06610,16,677.53,3.3333333333333335
D09543,23,676.67,3.25
D08967,21,672.23,2.888888888888889
D05587,20,672.1099999999999,2.857142857142857
D08063,21,668.28,3.7
D03668,18,665.14,4.142857142857143
D00164,19,664.36,3.0
D00072,19,661.36,2.6666666666666665
D00605,19,660.7,3.75
D09666,16,659.64,2.7142857142857144
D05411,24,653.8899999999999,2.6
D02282,18,653.87,3.75
D06351,21,653.86,2.6666666666666665
D01561,17,652.69,2.0
D03122,20,652.52,3.0
D01528,21,647.82,2.4285714285714284
D07889,18,643.43,3.4285714285714284
D04260,19,641.7099999999999,3.75
D00801,18,640.69,2.6
D05242,17,637.44,2.8
D04787,15,636.3300000000002,3.3333333333333335
D08264,19,634.42,2.9
D04939,19,630.62,3.4
D02277,19,628.98,2.625
D03980,20,627.3899999999999,3.4285714285714284
D06397,17,622.9,3.2
D00316,18,620.76,3.0
D04065,16,620.26,2.6666666666666665
D06372,20,619.0699999999999,2.8
D06662,19,610.9200000000001,3.8
D07746,17,607.1800000000001,3.6
D04585,17,606.3199999999999,2.2222222222222223
D03244,19,604.43,2.5714285714285716
D09561,20,603.3299999999999,3.5
D00113,17,601.9000000000001,2.8333333333333335
D03463,17,601.05,4.0
D04584,21,600.95,2.8333333333333335
D07323,16,596.9499999999999,3.0
D02874,17,596.4300000000001,3.8
D07563,16,593.9200000000001,3.1666666666666665
D02769,16,592.6800000000001,2.3333333333333335
D09038,21,592.47,3.1
D00659,16,592.44,3.4
D07593,19,588.5400000000001,2.2
D08922,18,588.54,4.285714285714286
D09786,14,587.33,3.0
D01660,14,586.79,3.0
D04038,20,584.76,2.8
D00930,16,584.4499999999999,4.285714285714286
D05697,17,584.06,4.0
D02934,15,579.7799999999999,3.3333333333333335
D07793,16,578.16,3.2
D00062,16,577.9399999999999,3.25
D07131,19,576.6800000000001,3.4
D00285,17,576.61,3.0
D00343,19,575.23,3.5
D03843,12,572.6600000000001,3.25
D05842,18,572.46,1.8571428571428572
D05124,17,572.24,4.0
D05218,16,570.7700000000001,2.6
D03820,18,570.3,4.0
D02145,18,569.96,2.5
D01546,16,568.8199999999999,3.5
D05932,15,568.4,2.75
D04254,15,568.3199999999999,3.0
D00652,17,567.1299999999999,3.0
D01093,20,566.55,1.3333333333333333
D06936,17,566.31,2.5
D02959,19,566.24,2.0
D08808,14,565.73,3.5
D04644,20,565.4499999999999,3.25
D06239,14,564.88,3.3333333333333335
D02539,13,564.75,3.7142857142857144
D01622,20,564.09,3.6666666666666665
D07155,17,564.05,3.0
D05387,14,561.36,3.4285714285714284
D08584,18,560.25,2.4
D04259,15,559.51,3.0
D05917,17,559.0900000000001,2.75
D03293,16,559.0,2.4
D03386,20,558.72,2.7
D05658,15,557.75,3.0
D09181,17,556.54,2.3333333333333335
D02027,13,556.17,2.4
D02860,14,556.04,3.5
D09480,15,555.55,2.4
D01649,14,554.0799999999999,3.2
D05955,19,553.87,4.0
D01471,15,553.6,2.6666666666666665
D09833,15,552.1800000000001,2.0
D08948,15,552.14,1.8
D04516,16,551.8100000000001,3.2857142857142856
D06776,19,551.72,3.5
D06407,18,551.57,2.25
D02672,15,551.5300000000001,2.5714285714285716
D09295,17,551.12,3.3333333333333335
D00895,18,550.82,3.0
D06678,14,549.76,3.2
D00779,18,549.28,2.0
D06444,15,548.73,3.0
D08688,17,548.7,4.75
D06961,17,548.6899999999999,3.6
D08347,16,548.67,2.625
D04096,20,548.1099999999999,3.7142857142857144
D00803,16,547.3199999999999,3.3333333333333335
D04202,18,547.19,2.375
D01307,13,547.1700000000001,2.0
D05350,15,545.99,4.5
D06567,17,545.99,2.3333333333333335
D03253,16,545.98,3.0
D06086,14,544.39,2.4285714285714284
D05508,19,544.28,2.857142857142857
D03901,15,544.04,3.3333333333333335
D08657,20,543.98,2.875
D04618,14,543.0799999999999,3.25
D04258,21,542.7099999999999,3.0
D06474,15,542.42,3.6
D07254,17,541.22,2.3333333333333335
D00214,13,541.17,3.5
D03051,17,540.4300000000001,3.4
D09535,15,540.3199999999999,3.0
D06021,16,540.1600000000001,4.0
D08014,14,540.14,2.6666666666666665
D03325,16,540.05,3.625
D08601,15,540.01,2.857142857142857
D04390,13,539.76,3.1666666666666665
D09967,16,538.56,3.142857142857143
D02040,17,537.9499999999999,3.7142857142857144
D05271,14,537.8,3.0
D04651,15,537.01,4.0
D07488,18,536.7099999999999,3.25
D08266,14,536.25,3.25
D09693,14,536.08,3.4
D08136,17,535.84,2.6
D06200,14,535.4200000000001,3.0
D00599,14,534.81,2.142857142857143
D01339,21,534.69,2.625
D02864,15,534.48,4.0
D08047,18,534.3100000000001,2.857142857142857
D03748,17,534.22,3.142857142857143
D01317,19,532.78,3.7142857142857144
D06212,14,532.76,2.75
D09362,14,532.62,2.4
D02300,16,532.59,5.0
D00719,18,531.62,3.0
D00726,18,530.79,3.5
D08377,20,530.66,2.8
D06603,13,530.55,3.3333333333333335
D01102,18,530.0,3.857142857142857
D06002,15,529.9499999999999,4.333333333333333
D05944,16,529.85,3.3333333333333335
D05788,17,529.81,3.5
D08151,18,529.6999999999999,4.0
D01800,14,529.63,3.5
D00786,16,529.2600000000001,2.3333333333333335
D09421,14,529.2100000000002,3.0
D07095,17,529.02,2.5
D02266,16,528.8199999999999,3.8
D01432,15,528.49,2.5
D01715,17,528.45,1.5
D09240,16,527.62,2.4
D07393,15,527.4200000000001,2.0
D03720,21,526.8,3.0
D09001,16,526.79,2.6666666666666665
D08824,19,526.39,2.6
D02456,16,526.24,2.6
D00660,16,526.17,3.75
D05236,18,525.58,3.6666666666666665
D00676,17,525.25,3.2
D06676,15,524.8299999999999,3.5
D03206,17,524.6800000000001,2.5
D08421,13,524.21,4.333333333333333
D00313,19,524.0600000000001,3.142857142857143
D00238,15,523.91,4.333333333333333
D04586,17,523.89,3.6666666666666665
D03196,17,523.86,3.8333333333333335
D07376,16,523.6300000000001,4.0
D01217,16,523.46,2.0
D04166,15,523.44,3.3333333333333335
D01154,16,523.23,3.5714285714285716
D04491,16,523.16,3.0
D02935,18,523.01,2.6666666666666665
D09961,14,522.7,3.4285714285714284
D05556,16,522.6700000000001,2.1666666666666665
D04124,16,522.54,3.875
D09922,15,522.41,3.3333333333333335
D03393,12,522.13,2.5
D03249,16,521.98,3.2857142857142856
D06717,14,521.61,4.0
D06957,14,521.5900000000001,3.1666666666666665
D05542,16,521.3199999999999,3.0
D02889,17,521.26,3.6666666666666665
D00341,16,521.26,3.0
D00883,14,521.16,3.625
D05139,16,521.01,3.3333333333333335
D06969,15,520.7700000000001,3.2857142857142856
D09055,19,520.76,3.6666666666666665
D08171,15,520.04,2.2857142857142856
D06905,13,519.22,2.5
D05966,16,519.06,3.2
D00793,14,517.91,2.8333333333333335
D01850,20,517.65,3.4444444444444446
D07550,14,517.52,3.142857142857143
D02911,15,517.4599999999999,2.2857142857142856
D05660,15,517.4100000000001,3.0
D01274,18,517.4,2.2857142857142856
D01821,18,517.16,4.0
D09533,14,517.03,3.25
D08365,17,516.96,2.8
D06537,18,516.78,3.125
D05401,17,516.29,2.8333333333333335
D01306,18,516.0500000000001,3.0
D03034,20,515.6500000000001,2.8
D04134,17,515.6,3.1666666666666665
D00698,14,515.12,3.0
D08204,14,514.8199999999999,3.0
D09904,14,514.78,2.4
D01388,16,514.75,3.25
D08106,16,514.49,2.0
D01251,19,514.22,2.5
D08685,16,513.78,2.75
D08272,14,513.6899999999999,3.5
D01867,16,513.5,3.6
D04056,16,513.1800000000001,3.0
D07469,15,513.14,2.0
D00527,17,513.06,3.7142857142857144
D01326,15,512.7,2.6666666666666665
D00816,15,512.59,3.0
D00631,16,511.75000000000006,3.6666666666666665
D04455,16,511.57000000000005,2.5
D09758,14,511.53,2.4
D05803,15,511.14000000000004,4.25
D00336,15,510.96999999999997,2.5
D09335,16,510.77,3.2857142857142856
D08199,14,510.28000000000003,3.0
D05382,11,510.23,2.1666666666666665
D08051,13,509.76000000000005,2.75
D09008,17,509.64,2.5
D03925,15,509.61,3.6666666666666665
D01067,18,509.28,3.25
D05442,15,509.03999999999996,2.8
D02801,18,508.81,3.4
D05947,19,508.71999999999997,2.6666666666666665
D04239,15,508.0899999999999,2.5
D06208,16,507.90999999999997,2.8
D03785,19,507.54999999999995,4.2
D09007,15,507.5,3.5
D03218,17,507.47,2.0
D01119,12,507.13000000000005,3.2857142857142856
D02749,14,507.13,3.8
D04812,16,507.05999999999995,2.4285714285714284
D00590,14,506.99,2.0
D04923,16,506.98,3.5
D00867,21,506.69999999999993,2.75
D07231,16,506.43999999999994,2.2857142857142856
D00656,18,506.03999999999996,2.875
D08617,16,505.88999999999993,3.7142857142857144
D03810,16,505.62000000000006,3.75
D08077,14,505.49,2.6666666666666665
D03471,17,505.39,2.4
D08456,13,505.27000000000004,2.7142857142857144
D07573,15,505.0,2.25
D09574,13,504.97,4.666666666666667
D00135,13,504.95,3.5
D00199,18,504.88,2.5
D04821,15,504.57000000000005,2.8
D04420,19,504.53,2.75
D08632,17,504.49,2.5
D05826,13,504.36,3.0
D03348,17,503.35,3.125
D08727,12,503.27,4.0
D02458,16,503.17999999999995,3.0
D03825,16,502.86,3.5
D01536,15,502.83000000000004,3.2
D00320,15,502.76,3.5
D03054,14,502.57,2.142857142857143
D05881,17,502.33,2.6666666666666665
D01499,14,501.81000000000006,3.25
D02564,13,501.49,2.3333333333333335
D09218,14,501.40999999999997,4.0
D06027,15,500.84,3.3333333333333335
D07282,14,500.67,2.5714285714285716
D03535,20,500.65999999999997,4.333333333333333
D08822,14,500.65000000000003,2.5
D01399,13,499.75,4.25
D05080,17,499.67,2.6
D04971,15,499.62,3.25
D04943,13,499.1,2.8
D02630,13,498.94999999999993,2.4
D02601,13,498.72,3.2
D08741,13,498.58000000000004,3.75
D06981,14,498.41999999999996,2.5
D09784,17,498.31999999999994,3.0
D02028,15,498.27,1.0
D02531,13,497.88,2.25
D04443,16,497.87,3.0
D04703,18,497.7300000000001,2.2
D02575,13,497.62,3.0
D04593,14,497.6,3.2
D09501,15,497.17999999999995,3.6666666666666665
D06574,16,496.76,2.6666666666666665
D08217,12,496.64,3.25
D06473,14,496.00000000000006,2.75
D04871,12,495.98,2.3333333333333335
D01862,10,495.93,3.25
D00804,17,495.74,2.8333333333333335
D09212,18,495.7300000000001,2.6666666666666665
D07054,15,495.51,3.25
D01396,14,495.48999999999995,2.3333333333333335
D05820,15,495.48999999999995,2.7142857142857144
D09723,16,495.38999999999993,3.1666666666666665
D07679,16,495.36,3.0
D00680,13,495.33,3.0
D09388,12,495.10999999999996,4.2
D09852,14,494.84000000000003,4.0
D06877,17,494.49,1.0
D08108,14,494.18,2.0
D01609,14,494.08,2.0
D09321,17,493.9,2.0
D02503,13,493.84999999999997,2.5
D03125,15,493.73,4.0
D04178,15,493.56,3.3333333333333335
D04594,17,493.52,2.75
D08933,16,493.3499999999999,2.6666666666666665
D04777,13,493.26,3.2
D00712,15,493.03999999999996,2.6666666666666665
D05433,15,492.67999999999995,3.3333333333333335
D03110,16,492.65999999999997,3.1666666666666665
D06882,16,492.29999999999995,3.0
D07796,18,492.28999999999996,4.0
D00520,13,492.27,3.0
D02917,16,492.05,2.0
D00069,15,491.8,2.0
D03041,17,491.72,3.5
D07187,18,491.68000000000006,3.4
D07202,13,491.67,2.75
D09937,13,491.59999999999997,3.142857142857143
D05865,15,491.53999999999996,2.6666666666666665
D07942,16,491.33,1.5
D07710,14,491.28000000000003,3.6666666666666665
D00439,16,491.19,3.5
D04145,13,490.79,1.75
D09330,17,490.70000000000005,3.0
D04571,15,490.53,3.6
D00821,13,490.24,3.75
D04478,18,489.91999999999996,2.0
D06069,16,489.27,3.0
D09281,16,489.15999999999997,3.3333333333333335
D07009,14,489.14,3.75
D00365,14,488.52,3.8333333333333335
D04782,15,488.13000000000005,3.0
D02662,14,488.02,3.3333333333333335
D01905,17,487.95000000000005,3.7142857142857144
D00059,14,487.67,3.5
D02106,13,487.65,5.0
D07193,13,487.46000000000004,2.8
D03141,16,487.06000000000006,4.0
D00724,13,487.02,3.0
D09226,14,486.92999999999995,2.0
D09202,14,486.71000000000004,4.0
D00587,15,486.41,3.0
D06220,13,486.36,2.5
D08053,19,485.98,4.375
D09309,19,485.90999999999997,3.0
D08728,16,485.85999999999996,3.0
D02132,20,485.71,2.857142857142857
D09094,19,485.5300000000001,2.7142857142857144
D09978,16,485.33000000000004,3.0
D05511,15,485.28000000000003,2.5
D02753,18,485.22,3.111111111111111
D01166,15,485.07000000000005,2.7142857142857144
D09086,16,484.96,2.8
D06242,15,484.92,2.8
D05454,15,484.76,3.0
D06627,13,484.63,3.5
D05524,15,484.5300000000001,2.3333333333333335
D08124,13,484.41,2.75
D08806,15,484.26,2.0
D04859,14,484.13,3.3333333333333335
D09257,13,484.1,3.0
D02232,12,484.05000000000007,1.6
D01754,14,484.04,3.3333333333333335
D00987,17,483.87,3.75
D04965,13,483.83000000000004,3.4
D08035,15,483.76,2.75
D03981,12,483.69000000000005,2.7142857142857144
D09512,13,483.62,1.5
D09465,11,483.38,3.0
D01709,15,483.36999999999995,3.0
D08513,15,483.20000000000005,3.6
D07094,18,483.1,2.857142857142857
D04121,13,482.81,3.0
D04268,16,482.67,3.3333333333333335
D04857,14,482.33,3.75
D09750,15,482.2,1.4
D04552,15,482.15999999999997,3.1666666666666665
D05510,17,481.85,2.75
D09777,17,481.81000000000006,3.1666666666666665
D04716,15,481.66999999999996,2.6666666666666665
D00444,17,481.44,3.6666666666666665
D00740,17,481.35999999999996,2.5714285714285716
D04875,15,481.27000000000004,3.0
D01727,13,481.25000000000006,4.5
D04282,13,480.83000000000004,3.6666666666666665
D09368,13,480.57,4.5
D04849,18,480.5,3.0
D05614,16,480.46,2.4
D05606,15,480.00999999999993,3.2
D07968,14,479.86,3.5
D00290,16,479.56000000000006,4.5
D08837,16,479.48,2.4
D06993,16,479.22,2.0
D07402,16,479.02,4.0
D06083,12,479.00000000000006,3.0
D01253,19,478.9599999999999,2.1666666666666665
D01040,18,478.76,3.5
D04449,15,478.62,3.125
D00729,14,478.55,3.6666666666666665
D04105,13,478.45,2.6
D02045,14,478.02,2.5
D01353,14,477.89,3.1666666666666665
D00239,15,477.61,3.75
D04162,13,477.59000000000003,4.5
D01077,14,477.28,2.6666666666666665
D03462,14,477.2,2.0
D07113,12,477.12000000000006,4.0
D02866,15,477.09000000000003,3.6
D02576,12,476.77000000000004,3.75
D07936,14,476.69999999999993,2.8
D05603,16,476.69,3.4
D01157,14,476.59000000000003,2.4
D08052,17,476.51,2.7142857142857144
D04900,12,476.51,1.25
D03429,14,476.5,2.5
D01013,14,476.47999999999996,2.5
D09046,15,476.09,3.25
D08733,13,475.97,2.875
D09080,10,475.90999999999997,3.25
D07647,12,475.86,2.0
D01712,17,475.78999999999996,4.0
D04040,13,475.65,4.0
D07268,16,475.5799999999999,3.6666666666666665
D01895,15,475.53000000000003,3.4444444444444446
D01730,10,474.74,3.0
D05118,12,474.69,3.0
D09877,17,474.46000000000004,4.166666666666667
D02985,15,474.1,3.5
D03476,14,473.9,2.5
D01675,16,473.83,2.6666666666666665
D07232,13,473.65999999999997,1.0
D05253,14,473.53,2.75
D04205,13,473.34999999999997,4.0
D04278,16,473.24,3.6
D01686,17,472.68000000000006,3.3333333333333335
D03563,16,472.45000000000005,3.3333333333333335
D08976,13,472.43999999999994,2.75
D08789,14,472.42,2.25
D06740,17,472.39,3.25
D05145,14,472.35,2.857142857142857
D02681,15,472.1500000000001,2.5
D00264,16,471.92,4.0
D03965,21,471.70000000000005,3.25
D09489,16,471.64,3.25
D00120,17,471.56,2.5
D09322,15,471.16,2.6
D00227,14,471.13,3.0
D03940,19,471.08,2.7777777777777777
D01334,12,470.90999999999997,2.5
D06338,13,470.66999999999996,2.6666666666666665
D05754,15,470.64,2.4285714285714284
D02953,16,470.57000000000005,3.6
D03102,17,470.38,3.1666666666666665
D03493,16,470.35999999999996,3.6666666666666665
D07213,19,470.11,1.0
D04180,10,470.03000000000003,3.0
D03919,14,469.84,3.25
D08186,11,469.78,2.6
D08301,13,469.63,3.6666666666666665
D09302,16,469.59,3.857142857142857
D03135,14,469.48,3.0
D07849,14,469.21,3.5
D09808,14,469.05,3.2857142857142856
D09115,16,468.85,2.857142857142857
D02650,16,468.83000000000004,3.25
D09242,10,468.73,3.0
D03199,13,468.55,2.0
D09862,16,468.34999999999997,3.3333333333333335
D08665,17,468.28000000000003,2.3333333333333335
D01523,15,468.13,3.0
D00567,13,467.98,3.0
D00427,13,467.97,4.0
D00216,13,467.81,3.0
D00684,13,467.78999999999996,2.5
D05712,16,467.65,3.142857142857143
D05476,12,467.63,4.0
D09706,16,467.47,2.6666666666666665
D08580,14,467.41999999999996,3.0
D03271,14,467.4099999999999,2.5
D00423,17,467.08,2.375
D05283,14,466.97,2.3333333333333335
D06323,16,466.94,3.5
D06477,14,466.84000000000003,1.75
D06368,15,466.77000000000004,3.0
D01916,15,466.71,2.4
D06066,15,466.36,3.0
D05898,12,466.35999999999996,2.6666666666666665
D07609,14,466.3299999999999,3.1666666666666665
D05816,12,466.31,2.8
D06554,13,466.3,2.6
D06525,12,465.89000000000004,3.4
D02290,15,465.88,2.75
D07540,14,465.88,
D02790,16,465.68999999999994,2.0
D03058,11,465.47,3.5
D07991,13,465.4600000000001,2.0
D03077,20,465.44,2.7777777777777777
D07332,14,465.41999999999996,3.0
D01052,17,465.17,3.2857142857142856
D05990,14,464.89,3.6666666666666665
D03560,11,464.86,4.2
D09067,16,464.84000000000003,4.6
D06100,12,464.48999999999995,3.8
D07713,16,464.31000000000006,2.6666666666666665
D02515,14,464.3,4.0
D07697,15,464.16999999999996,3.25
D00792,16,464.01,4.2
D03116,13,463.89000000000004,2.6
D00774,14,463.79999999999995,3.3333333333333335
D07049,13,463.66999999999996,3.2
D01861,13,463.61000000000007,2.3333333333333335
D06652,13,463.59000000000003,2.5
D05923,15,463.49999999999994,3.4
D04542,12,463.29,3.5
D09854,17,463.28999999999996,3.6
D02921,16,463.26,3.2
D00794,15,463.18999999999994,3.4285714285714284
D09845,16,463.05,3.25
D07096,15,463.03,1.75
D09708,14,462.91,3.2
D04647,14,462.81000000000006,2.5
D08361,13,462.80999999999995,4.5
D02249,14,462.78,2.5
D01327,14,462.70000000000005,3.25
D06949,15,462.66,3.0
D08552,17,462.52000000000004,3.0
D04805,13,462.51,3.0
D09887,11,462.14,3.75
D04299,12,462.0,2.5
D02208,12,461.70000000000005,2.0
D04193,14,461.61,3.0
D04051,15,461.41999999999996,2.4285714285714284
D04631,14,461.40999999999997,2.0
D00945,16,461.40999999999997,2.8
D02352,14,461.29,4.0
D01822,12,461.10999999999996,3.1666666666666665
D00179,17,461.03000000000003,3.3333333333333335
D08981,18,460.88,3.0
D07083,15,460.7700000000001,3.6666666666666665
D04198,13,460.73,3.0
D00557,14,460.64000000000004,4.25
D04482,12,460.61999999999995,3.3333333333333335
D07255,15,460.54,
D05552,14,460.21,2.3333333333333335
D03539,11,460.09000000000003,4.5
D07502,15,459.91,3.3333333333333335
D05921,15,459.72,3.0
D04869,16,459.51,2.0
D08354,15,459.21999999999997,2.6666666666666665
D00728,15,459.09999999999997,2.0
D09608,12,459.09000000000003,2.6
D04292,13,459.01000000000005,3.6666666666666665
D00964,18,458.90999999999997,2.5
D02778,15,458.80999999999995,3.3333333333333335
D00875,16,458.66,3.2
D02349,16,458.58000000000004,2.0
D04757,17,458.47,3.4
D02451,16,458.44,2.75
D03338,12,458.38,2.25
D02439,14,458.3,2.875
D08987,10,458.3,4.25
D09231,15,458.29,3.0
D01319,14,458.28,2.75
D08481,14,458.14,2.3333333333333335
D08326,15,458.1,3.0
D08428,13,457.79999999999995,2.5
D05720,16,457.71000000000004,3.25
D03099,16,457.65999999999997,4.0
D04083,17,457.63999999999993,4.0
D08686,14,457.59000000000003,4.0
D06188,14,457.46000000000004,3.8
D05695,16,457.22999999999996,5.0
D09259,12,457.2,3.0
D06731,11,457.14,3.0
D03511,11,457.11,3.2857142857142856
D07790,14,456.84000000000003,3.0
D09305,18,456.80999999999995,3.0
D04365,13,456.78999999999996,3.0
D03687,15,456.76,2.6666666666666665
D09600,15,456.54999999999995,3.0
D02892,14,456.45000000000005,3.6666666666666665
D02785,12,456.19000000000005,3.25
D02880,18,456.17999999999995,2.5714285714285716
D00282,17,456.09,2.8
D01005,13,455.75,2.3333333333333335
D05243,11,455.75,3.75
D06653,11,455.71999999999997,4.4
D06313,16,455.63,1.75
D06651,13,455.59000000000003,4.0
D00744,10,455.57,4.0
D07250,14,455.44000000000005,3.0
D03763,13,455.43999999999994,5.0
D04603,14,455.41,3.0
D07060,18,455.34000000000003,3.2
D05214,16,454.87000000000006,2.8333333333333335
D00094,15,454.71000000000004,2.25
D00190,13,454.6700000000001,2.5
D09463,13,454.47,3.0
D07398,16,454.46,3.2857142857142856
D04004,13,454.14,3.0
D05409,17,454.13000000000005,3.4
D02583,12,454.11,3.0
D07180,12,454.1,4.5
D00532,13,453.95000000000005,3.4285714285714284
D04780,15,453.91,3.8
D00852,15,453.90999999999997,3.2857142857142856
D01559,12,453.80000000000007,2.0
D09859,12,453.71999999999997,1.3333333333333333
D03230,17,453.56000000000006,2.4
D01417,14,453.47,3.5
D04958,17,453.45000000000005,4.333333333333333
D09686,13,453.39000000000004,4.333333333333333
D05067,15,453.31000000000006,4.0
D03952,17,453.28,2.5
D08853,16,453.1,2.4285714285714284
D08374,13,453.02000000000004,2.8
D03012,20,453.01,2.6
D06994,18,452.98,3.1666666666666665
D02534,12,452.94000000000005,3.4
D07830,13,452.68999999999994,2.6666666666666665
D09097,13,452.66999999999996,3.6
D02587,13,452.65000000000003,3.0
D09767,13,452.53000000000003,2.5
D02816,16,452.47999999999996,4.0
D02469,15,452.16,3.0
D02562,17,452.10999999999996,2.6666666666666665
D05699,16,452.03999999999996,3.2
D07735,17,452.01,3.0
D05557,15,452.0,2.75
D01595,15,451.92,3.1666666666666665
D02374,13,451.91,2.0
D07816,12,451.87,1.6666666666666667
D09977,15,451.65,3.4
D06433,14,451.62000000000006,3.25
D04744,15,451.58000000000004,3.75
D03150,13,451.56,3.5
D08543,15,451.5,3.4
D07344,15,451.40000000000003,2.0
D04077,14,451.03000000000003,4.25
D04186,19,451.03000000000003,3.2857142857142856
D05611,13,450.87,2.3333333333333335
D07842,13,450.83,3.75
D02789,13,450.77,4.0
D02637,16,450.73999999999995,2.2857142857142856
D06343,12,450.72,3.0
D01744,12,450.68,4.0
D00258,15,450.64,3.75
D06381,13,450.5400000000001,3.1666666666666665
D09119,15,450.47,3.5
D03258,13,450.39000000000004,5.0
D00953,17,450.2100000000001,3.875
D00504,17,450.11,3.0
D03211,15,449.95,3.4
D07468,18,449.87000000000006,3.8
D08551,15,449.8299999999999,4.5
D05768,15,449.77,3.0
D08198,15,449.64,3.8333333333333335
D07505,15,449.57,3.0
D06705,11,449.57,2.5
D07836,13,449.53000000000003,3.0
D08884,17,449.4,1.6666666666666667
D05751,14,449.17,2.4
D09660,16,449.09000000000003,2.3333333333333335
D09169,14,449.08,3.0
D04447,12,449.07,3.25
D03685,13,448.84,2.5
D02705,13,448.72999999999996,3.0
D07731,12,447.98,3.0
D05007,15,447.90999999999997,2.8
D01512,14,447.78,2.7142857142857144
D03660,13,447.59000000000003,3.5
D04818,12,447.24,4.666666666666667
D09047,13,446.94,1.7142857142857142
D01220,14,446.89,3.6
D06252,13,446.87000000000006,3.0
D04391,16,446.73999999999995,2.4
D07706,16,446.73,3.5
D01101,14,446.63,1.3333333333333333
D02798,14,446.6,2.0
D05084,12,446.54,3.6666666666666665
D06179,11,446.3,4.0
D03849,12,446.28,
D01593,13,446.24,3.2
D05836,13,446.23999999999995,4.0
D02246,14,446.08000000000004,3.3333333333333335
D01180,15,445.97999999999996,3.2
D00416,13,445.96999999999997,3.6666666666666665
D07227,11,445.76,4.0
D07701,14,445.6,2.4
D08376,13,445.57000000000005,3.0
D02062,13,445.42999999999995,3.5
D01540,15,445.19,2.75
D07307,19,444.93000000000006,3.2
D04949,13,444.75000000000006,2.8
D00942,13,444.74,2.6666666666666665
D05301,13,444.73,2.4285714285714284
D00553,14,444.69999999999993,2.0
D03812,14,444.69,1.75
D08094,12,444.6700000000001,5.0
D02498,13,444.66,3.5
D08208,12,444.64,3.5
D07521,13,444.63,3.5
D01569,14,444.59,3.6666666666666665
D02698,13,444.41,3.3333333333333335
D00421,16,444.37,2.75
D04021,15,444.35,2.8333333333333335
D05809,13,444.17,3.2222222222222223
D00003,14,444.05999999999995,3.4
D07627,19,443.88,2.0
D09009,13,443.84999999999997,4.2
D00716,12,443.59,3.4
D06559,12,443.57000000000005,2.25
D00474,9,443.55,1.0
D07854,12,443.34999999999997,2.0
D05166,12,443.34000000000003,3.0
D05912,16,443.26,2.6666666666666665
D06221,14,443.16999999999996,3.25
D02308,16,443.16,2.7142857142857144
D09914,13,443.14,3.5
D00894,13,443.12,3.5
D07324,13,443.11,1.8333333333333333
D05389,14,443.1,3.0
D06614,14,442.71999999999997,2.8
D00182,12,442.61,3.25
D09408,13,442.59000000000003,3.3333333333333335
D07615,12,442.58,3.25
D06277,11,442.57000000000005,3.4
D09077,12,442.53999999999996,3.3333333333333335
D07588,16,442.53000000000003,2.2
D01361,17,442.53,3.1666666666666665
D01645,14,442.38,2.5
D06033,13,442.37,2.75
D03892,12,442.32,2.6
D05408,14,442.21000000000004,2.8333333333333335
D09467,12,442.17,3.6666666666666665
D03082,13,442.06,3.0
D03741,13,441.98,
D09942,13,441.93,3.4285714285714284
D02363,17,441.90999999999997,3.5
D07689,15,441.84000000000003,3.6666666666666665
D01784,13,441.8099999999999,2.0
D03946,15,441.7,3.0
D07098,15,441.65999999999997,1.8
D03680,12,441.65,3.142857142857143
D08582,11,441.64,2.0
D04194,11,441.5399999999999,2.5
D09163,10,441.43,3.0
D06235,13,441.25,2.6
D00968,14,441.19,2.1666666666666665
D05033,14,441.0,3.1666666666666665
D00306,15,440.9800000000001,3.0
D08200,16,440.86,3.2
D00222,11,440.74999999999994,2.0
D02992,13,440.63999999999993,2.0
D07947,17,440.58000000000004,1.6666666666666667
D06601,12,440.56,3.1666666666666665
D03749,12,440.5,3.5
D03353,12,440.45,3.8
D00422,16,440.31,3.6
D00329,13,440.29,2.0
D08650,12,440.23,1.0
D02527,14,440.1,2.0
D07038,14,439.99,3.4
D07264,14,439.80000000000007,3.0
D01911,15,439.75,3.6
D03850,18,439.69,3.2857142857142856
D09899,11,439.63,3.3333333333333335
D08744,14,439.6,3.75
D06028,11,439.6,4.0
D01747,11,439.56,2.5
D00212,13,439.5300000000001,2.25
D01574,14,439.51,3.5
D04938,13,439.50000000000006,2.857142857142857
D05209,13,439.45,3.5
D06526,13,439.40000000000003,3.5
D05026,10,439.2,3.1666666666666665
D01805,12,439.1000000000001,3.8
D08424,16,439.05,4.25
D01896,11,439.03999999999996,3.25
D09625,15,438.94999999999993,2.3333333333333335
D01656,16,438.7199999999999,3.4
D04039,12,438.69000000000005,3.5
D05412,13,438.68,3.5
D07974,14,438.6700000000001,3.2
D07675,15,438.64000000000004,2.8
D02741,13,438.64,3.4
D02330,16,438.61,2.5555555555555554
D06590,15,438.56999999999994,5.0
D02608,16,438.28,4.0
D06615,13,438.27,2.25
D04467,10,437.97,1.0
D02479,12,437.93,2.8
D07678,14,437.92,4.0
D09571,13,437.84999999999997,3.75
D04247,16,437.8399999999999,3.0
D04277,14,437.82,4.0
D05598,15,437.62,2.5714285714285716
D02902,17,437.48,4.25
D02758,12,437.40999999999997,5.0
D01069,14,437.37,3.25
D05127,12,437.35,3.0
D06696,13,437.21000000000004,3.0
D08943,12,437.14,2.5
D03550,13,437.07,
D09329,14,437.04,1.0
D05370,12,437.03000000000003,4.0
D09773,10,437.01000000000005,2.5
D08974,12,436.96000000000004,3.0
D03537,14,436.91,2.857142857142857
D09657,16,436.86999999999995,3.1666666666666665
D06576,12,436.78,2.8333333333333335
D03506,16,436.75,3.5
D07092,16,436.66,2.8333333333333335
D04137,16,436.59,2.4285714285714284
D07696,14,436.5,1.7142857142857142
D07925,11,436.41999999999996,3.6666666666666665
D00225,14,436.4,2.125
D08624,14,436.39,3.5
D07768,19,436.32000000000005,3.2
D08718,13,436.17,2.6
D00899,11,436.14,3.75
D02221,15,436.05999999999995,3.3333333333333335
D01356,15,435.98,2.857142857142857
D02428,13,435.84,2.0
D06264,11,435.82000000000005,3.0
D00869,12,435.73,3.0
D03918,14,435.55,3.2
D09603,15,435.50000000000006,3.0
D07938,11,435.43000000000006,4.5
D03452,15,435.41999999999996,
D03252,11,435.4,2.5
D05742,12,435.38,3.0
D00791,15,435.37,3.3333333333333335
D04472,13,435.25,2.75
D06542,10,435.21999999999997,2.3333333333333335
D01888,16,435.16999999999996,4.0
D00292,13,435.14,3.4285714285714284
D05890,15,435.1,3.5
D00035,14,434.86,5.0
D05421,14,434.66999999999996,3.4
D01604,14,434.66,2.8
D08880,11,434.65999999999997,2.8
D03142,14,434.59000000000003,2.3333333333333335
D09595,18,434.52,3.0
D07102,16,434.52,2.7142857142857144
D05687,12,434.5,3.0
D09125,17,434.42999999999995,3.8
D07223,13,434.31999999999994,3.2
D09488,14,434.27,3.3333333333333335
D03221,12,434.2199999999999,1.4
D05028,14,434.17999999999995,3.6666666666666665
D07158,11,434.01,2.0
D01210,13,433.98,4.0
D08772,14,433.90000000000003,4.0
D02015,15,433.87,3.0
D07945,14,433.79999999999995,3.0
D05516,12,433.76,3.6666666666666665
D01637,12,433.74,2.8
D01493,13,433.70000000000005,2.2
D05566,16,433.58,3.0
D04066,13,433.53,2.8333333333333335
D04480,12,433.44999999999993,4.0
D00053,16,433.44,4.6
D05398,12,433.43999999999994,1.5
D04301,15,433.18000000000006,2.0
D01158,12,433.12,3.3333333333333335
D04407,14,433.11,3.3333333333333335
D05796,15,433.06999999999994,3.0
D05609,11,433.02,2.4285714285714284
D00839,17,432.93,4.0
D00830,12,432.84000000000003,4.5
D01602,13,432.70000000000005,3.3333333333333335
D03232,12,432.62999999999994,3.4
D05210,19,432.58000000000004,3.75
D09639,15,432.5599999999999,3.5
D09223,16,432.50000000000006,2.6
D08903,14,432.48999999999995,2.6666666666666665
D05717,14,432.46999999999997,3.5
D09817,15,432.46,3.5
D04893,14,432.44,3.4
D02204,13,432.4,1.6666666666666667
D03990,14,432.3,3.0
D01557,13,432.28999999999996,1.4
D02563,15,432.19,2.25
D02271,16,432.06999999999994,3.4
D06593,15,432.01,3.6
D06585,12,431.84999999999997,3.3333333333333335
D00191,15,431.84000000000003,2.5
D05063,12,431.75,3.0
D06989,10,431.71999999999997,2.6666666666666665
D01456,16,431.69,2.5
D08761,14,431.57,3.75
D00517,16,431.57,3.25
D09780,14,431.55000000000007,1.0
D03870,13,431.55,4.0
D08464,13,431.52,3.0
D06668,12,431.48,1.5
D02552,14,431.44,2.5
D02641,14,431.39,4.0
D02937,11,431.38,2.75
D03611,14,431.3299999999999,2.25
D06523,14,431.29999999999995,3.0
D02687,15,431.26,2.8
D03679,13,431.24,3.0
D07417,14,431.19000000000005,3.8
D01265,12,431.05,3.25
D02891,11,430.94,4.0
D09911,14,430.79999999999995,2.0
D02001,11,430.68,2.25
D06494,14,430.66999999999996,1.75
D09876,13,430.63,3.1666666666666665
D08745,12,430.47999999999996,3.0
D04867,13,430.41999999999996,3.5
D05187,16,430.13,2.75
D01303,14,430.13,2.8
D01547,12,429.98999999999995,2.857142857142857
D09345,14,429.94,5.0
D04341,15,429.88,2.6666666666666665
D05583,11,429.87,2.4
D09003,11,429.64,1.6666666666666667
D04319,14,429.56000000000006,4.0
D05260,13,429.41999999999996,3.0
D09156,13,429.40000000000003,2.0
D03841,13,429.3,2.75
D00441,17,429.23,2.0
D01286,14,429.05,2.5
D05692,12,428.82000000000005,3.0
D07958,14,428.82,1.6
D08689,15,428.62,2.0
D09570,17,428.49,3.2
D04951,14,428.47,3.3333333333333335
D03999,15,428.30000000000007,4.0
D08708,13,428.27,3.0
D01796,13,428.22,3.5
D04333,14,428.19000000000005,3.0
D00850,17,428.17999999999995,2.6666666666666665
D00105,13,428.15,3.3333333333333335
D01807,12,428.08000000000004,3.0
D07377,14,428.0,3.2
D03569,16,427.96999999999997,2.5
D08125,13,427.86,2.4
D01897,13,427.80999999999995,2.0
D08674,12,427.65,4.0
D02227,15,427.62,1.8571428571428572
D06915,11,427.35,3.6666666666666665
D02409,15,427.32,3.1666666666666665
D04347,9,427.21000000000004,4.4
D09385,10,427.15000000000003,2.0
D07952,17,427.01,3.4
D00890,10,426.94,2.0
D02245,12,426.76000000000005,3.6666666666666665
D08418,14,426.62000000000006,1.5
D06198,13,426.56,3.2857142857142856
D01875,11,426.55000000000007,5.0
D06342,15,426.53,3.5
D00837,14,426.47,2.6666666666666665
D06439,11,426.44000000000005,1.0
D01238,10,426.38000000000005,3.0
D01647,13,426.33000000000004,2.5
D05696,12,426.29,3.5
D05810,13,426.25,2.0
D00086,13,425.99,4.666666666666667
D09178,14,425.97999999999996,4.0
D01222,10,425.93000000000006,3.2
D02450,13,425.85,2.8
D09766,11,425.78,3.25
D07587,13,425.6,2.5
D09889,12,425.55999999999995,3.0
D06588,15,425.55,3.0
D06020,14,425.49999999999994,1.75
D04412,12,425.45,4.0
D00088,11,425.29,3.0
D01376,16,425.28000000000003,2.0
D02578,14,425.25,2.75
D00231,16,425.19000000000005,3.3333333333333335
D00603,15,425.06999999999994,2.142857142857143
D03272,16,425.03999999999996,3.6
D03871,13,424.93000000000006,3.75
D04349,12,424.76,2.5
D09466,15,424.65,2.6666666666666665
D01856,15,424.57,3.0
D02203,13,424.54999999999995,2.6666666666666665
D06040,13,424.52,3.3333333333333335
D03744,12,424.49,2.0
D02112,12,424.45,3.1666666666666665
D01410,11,424.41999999999996,1.3333333333333333
D01550,12,424.25,3.0
D04897,12,424.21,2.5
D06364,14,423.88,3.4
D03787,13,423.52000000000004,3.0
D09508,13,423.50000000000006,2.4
D00311,12,423.47,2.4
D08098,13,423.42999999999995,3.0
D02821,17,423.42,3.3333333333333335
D08105,11,423.30000000000007,2.75
D02676,18,423.28000000000003,2.2
D04320,12,423.28,3.2
D00074,15,423.2,2.4
D06535,12,423.19,3.0
D03461,12,423.06000000000006,2.3333333333333335
D01853,15,423.02,3.25
D05020,12,423.02,2.0
D07042,13,423.01000000000005,3.0
D09386,14,422.98,4.2
D07246,12,422.96000000000004,2.6
D07169,16,422.91999999999996,3.5
D01869,15,422.90000000000003,3.5
D08042,13,422.82000000000005,2.2
D09905,15,422.82000000000005,3.0
D02805,14,422.67,3.25
D06254,14,422.61999999999995,2.6
D01673,13,422.48,2.5
D05642,16,422.40000000000003,4.0
D00413,13,422.14,1.5
D04008,15,422.12,4.142857142857143
D00406,13,422.09000000000003,3.2
D06747,14,421.81,3.6666666666666665
D07665,16,421.75,2.3333333333333335
D00073,12,421.65999999999997,3.3333333333333335
D03073,14,421.5999999999999,3.25
D00393,14,421.57000000000005,3.2
D06019,15,421.5,2.5
D07669,13,421.48,2.0
D01002,13,421.37,2.3333333333333335
D00571,13,421.34,2.5
D00775,17,421.33000000000004,3.8333333333333335
D09264,15,421.26,4.333333333333333
D00237,16,421.15000000000003,3.5
D04252,14,421.0899999999999,3.0
D08396,12,421.06,1.0
D09615,12,421.03999999999996,2.1666666666666665
D03943,16,420.98,5.0
D07354,14,420.96999999999997,3.5
D03015,13,420.95000000000005,3.1666666666666665
D02313,15,420.9,3.25
D09171,13,420.84000000000003,3.2
D02137,13,420.81000000000006,3.5
D03645,12,420.78999999999996,4.0
D07168,14,420.78000000000003,3.5
D01099,16,420.66999999999996,3.6666666666666665
D02804,12,420.65999999999997,2.4
D03277,10,420.57000000000005,4.0
D06561,15,420.53999999999996,2.6666666666666665
D08283,13,420.5,3.8
D09883,14,420.46000000000004,3.0
D09866,13,420.4599999999999,3.6
D05272,13,420.28000000000003,2.75
D08206,13,420.19,2.3333333333333335
D04061,11,420.08000000000004,3.3333333333333335
D03019,14,419.98,3.0
D03855,13,419.96999999999997,2.8
D03078,11,419.87,
D06143,13,419.87,3.2
D00407,15,419.87,3.5
D07533,16,419.76,3.1666666666666665
D08556,13,419.74,2.6666666666666665
D06680,13,419.72,2.0
D09971,16,419.6700000000001,3.0
D02507,13,419.57000000000005,2.8
D01256,13,419.53000000000003,2.0
D07781,13,419.46000000000004,3.6
D05515,11,419.3299999999999,3.5
D00386,12,419.2900000000001,2.0
D08634,15,419.25,4.0
D01672,15,419.23999999999995,2.6666666666666665
D09523,11,419.15,1.5
D09495,15,419.0999999999999,3.6666666666666665
D03050,15,419.06999999999994,3.6
D04408,11,419.03999999999996,2.6666666666666665
D01600,13,418.93,2.2
D02659,11,418.85,2.5
D07473,11,418.77,2.0
D00193,12,418.76000000000005,3.0
D05588,19,418.55999999999995,3.1666666666666665
D09107,13,418.52,
D04136,13,418.5,3.0
D05724,13,418.4899999999999,3.0
D02088,15,418.36,2.0
D07493,14,418.32000000000005,3.0
D01302,12,418.31000000000006,1.6666666666666667
D04251,17,418.26,2.8
D07656,17,418.24,3.0
D08557,12,418.24,3.6666666666666665
D07470,12,418.18,2.0
D06500,14,418.14,1.0
D09796,11,418.0,4.25
D00131,12,417.99,2.6666666666666665
D02031,12,417.9,3.4
D03094,13,417.87,3.25
D02896,13,417.77,3.5714285714285716
D06103,13,417.76,3.0
D08355,16,417.67,2.5
D07964,14,417.54999999999995,2.3333333333333335
D01298,12,417.48999999999995,3.1666666666666665
D04457,15,417.47,2.2
D00733,10,417.39,2.5
D09949,14,417.32000000000005,2.25
D01723,13,417.28999999999996,4.0
D07153,10,417.28,3.0
D02014,13,417.21999999999997,2.5
D00522,13,417.12,4.666666666666667
D00446,13,417.1,2.3333333333333335
D01665,14,417.08000000000004,3.4
D02721,13,416.87,5.0
D06117,14,416.85,3.2
D04410,15,416.81,2.0
D01096,12,416.75,3.0
D05505,11,416.59000000000003,3.1666666666666665
D05914,12,416.57000000000005,4.0
D07429,16,416.52,3.6666666666666665
D05683,12,416.46000000000004,3.0
D06788,14,416.35999999999996,3.1666666666666665
D08846,15,416.34000000000003,2.6
D00241,15,416.30999999999995,1.3333333333333333
D03753,15,416.15,3.0
D03789,14,416.13999999999993,3.375
D09944,12,416.13,2.5
D10000,11,415.96000000000004,3.5
D07989,14,415.96000000000004,3.875
D04446,13,415.91999999999996,3.4
D01182,15,415.9,3.1666666666666665
D01391,17,415.78,2.5714285714285716
D03872,11,415.67999999999995,4.0
D02694,12,415.62,2.0
D09104,17,415.62,2.625
D02340,10,415.59,2.5
D02508,11,415.56000000000006,3.0
D02858,10,415.51,1.0
D06869,13,415.48,3.0
D04947,13,415.45000000000005,2.8
D04280,13,415.45,2.4
D00721,10,415.37,2.6666666666666665
D07814,11,415.37,2.3333333333333335
D09160,13,415.33000000000004,4.0
D05987,16,415.24,2.6666666666666665
D05558,9,415.14000000000004,3.3333333333333335
D06292,12,415.14,3.0
D09051,13,415.11,4.25
D03502,14,415.06,2.75
D09983,12,415.04,3.0
D03783,15,415.03,2.2
D06190,17,414.84000000000003,2.5
D01392,15,414.78,2.7142857142857144
D04926,16,414.77,3.75
D00299,14,414.76,3.25
D00466,13,414.73,4.0
D07389,14,414.69,2.5
D04583,16,414.68999999999994,2.3333333333333335
D00579,17,414.58,2.0
D05967,10,414.43,2.0
D06499,11,414.36,3.0
D00851,14,414.32,3.1666666666666665
D06811,15,414.23,2.5
D05758,14,414.21,2.5
D08571,13,414.06,3.5
D02983,11,414.03999999999996,3.25
D09804,16,414.01,2.5
D05689,12,413.94,3.5
D06493,11,413.86,2.4
D05874,14,413.86,3.5
D07753,10,413.85,3.6
D06826,11,413.82,3.0
D04007,11,413.75999999999993,3.0
D09575,14,413.67999999999995,2.8
D01342,12,413.65000000000003,3.0
D00795,13,413.61,2.6666666666666665
D03016,13,413.6,3.5714285714285716
D02242,15,413.47999999999996,3.5
D05854,16,413.47,2.8
D07021,17,413.38,4.0
D06783,14,413.34,4.0
D09644,14,413.28,2.6666666666666665
D05973,12,413.10999999999996,3.5
D07949,13,413.08,2.75
D04231,12,412.99,3.5
D09605,12,412.97,2.857142857142857
D08652,10,412.93000000000006,5.0
D00782,16,412.9,2.4
D00389,15,412.8,4.0
D05069,13,412.77000000000004,3.6666666666666665
D00479,12,412.65,3.6666666666666665
D07850,15,412.57,2.6666666666666665
D01273,15,412.55,4.0
D02752,13,412.5,3.75
D02222,13,412.38999999999993,1.25
D05512,12,412.35,2.25
D09622,11,412.34000000000003,2.25
D09471,11,412.29,3.0
D09861,15,412.22,2.5
D06998,12,412.21000000000004,3.8
D04881,14,412.13,2.75
D07107,13,412.01,3.8333333333333335
D03858,9,412.00000000000006,3.3333333333333335
D00509,11,411.99,3.5
D07924,16,411.98,3.4444444444444446
D09496,13,411.97,3.25
D08794,15,411.88,3.0
D07896,12,411.84,2.0
D01500,10,411.83000000000004,3.0
D08299,13,411.81,3.75
D06879,13,411.79,3.75
D01031,13,411.77,2.5
D07662,14,411.73,1.3333333333333333
D05197,11,411.7199999999999,3.2
D01151,15,411.71000000000004,3.0
D05262,14,411.67,2.6666666666666665
D05046,17,411.65,3.0
D00802,13,411.63,2.5
D03899,13,411.42,3.0
D04318,14,411.35999999999996,2.75
D02467,13,411.3,2.2
D04865,11,411.28999999999996,3.5
D06076,13,411.27000000000004,3.2
D08350,14,411.11,3.3333333333333335
D02061,13,411.1,3.4
D08249,16,411.09999999999997,4.5
D05463,13,411.02,3.0
D03328,13,410.9700000000001,3.0
D05763,14,410.86,1.6666666666666667
D02362,13,410.84999999999997,2.3333333333333335
D08709,11,410.7800000000001,2.2
D03675,14,410.77000000000004,2.6666666666666665
D01367,13,410.67,3.2
D05237,17,410.46999999999997,2.0
D03717,12,410.44000000000005,4.333333333333333
D05731,11,410.39,2.6
D00940,17,410.33000000000004,2.4
D05224,17,410.25000000000006,4.666666666666667
D06510,14,410.24,3.6666666666666665
D04831,18,410.21,2.75
D02588,12,410.16,3.8
D06333,13,409.99,4.0
D00189,16,409.98,2.0
D02193,12,409.95,2.4
D01254,15,409.86,3.0
D03593,15,409.8299999999999,4.5
D02704,15,409.81000000000006,2.2
D01320,17,409.72999999999996,3.857142857142857
D03562,14,409.72999999999996,2.8
D06448,14,409.71,2.5
D03256,10,409.68,3.5
D06413,10,409.65999999999997,1.0
D09960,13,409.6,2.2
D09419,15,409.58,3.2222222222222223
D07583,13,409.39,3.75
D06185,12,409.34000000000003,5.0
D08055,11,409.32000000000005,2.75
D07508,13,409.3,2.7142857142857144
D07022,13,409.25,2.6666666666666665
D09392,18,409.13,3.8
D02559,13,409.08,4.0
D06779,13,409.05,2.8
D08648,12,409.01000000000005,4.0
D09713,12,408.90999999999997,3.0
D01406,11,408.74,3.7142857142857144
D07739,13,408.66999999999996,4.0
D00078,15,408.57000000000005,3.3333333333333335
D09460,13,408.56000000000006,2.75
D05676,13,408.51,3.5
D03176,15,408.41,2.6
D04490,11,408.4,4.0
D09792,12,408.36,3.0
D00437,14,408.28000000000003,3.25
D02565,11,408.22,4.0
D08324,11,408.22,3.75
D00340,9,408.17,
D06480,13,408.15999999999997,4.0
D04837,13,408.09,3.75
D05568,16,408.04999999999995,2.4
D00071,10,408.02000000000004,2.6666666666666665
D00403,14,407.72999999999996,2.0
D08002,12,407.57,3.0
D00024,13,407.5,3.0
D00419,12,407.47,2.6666666666666665
D01216,10,407.45,2.0
D02592,11,407.41999999999996,5.0
D02170,18,407.28000000000003,3.75
D08717,13,407.28,4.0
D00155,11,407.27000000000004,3.6666666666666665
D00142,14,407.25,3.6
D01711,14,407.06,2.3333333333333335
D09982,13,407.05,4.5
D06690,11,406.91999999999996,3.0
D02251,12,406.91,3.6
D05193,12,406.9,4.5
D04670,12,406.79,3.5
D07149,14,406.67999999999995,3.0
D00440,13,406.64,2.0
D04133,12,406.64,4.166666666666667
D00618,10,406.63,3.6666666666666665
D03972,14,406.61,3.0
D06405,13,406.55,3.2
D01137,13,406.53999999999996,2.0
D03280,16,406.4,3.0
D05495,13,406.27000000000004,1.5
D02341,13,406.25,2.6666666666666665
D04634,13,406.21,4.2
D03350,15,406.15,2.3333333333333335
D01541,11,405.87,2.8
D06369,12,405.86,1.0
D03254,15,405.83,2.25
D03926,10,405.73,3.3333333333333335
D05258,14,405.70000000000005,5.0
D04411,14,405.69999999999993,2.0
D00426,11,405.66999999999996,2.4
D06767,13,405.62,3.6666666666666665
D03824,11,405.46,1.75
D05594,18,405.29,2.8
D01944,10,405.27,3.75
D07413,10,405.19,4.0
D03416,11,405.18,2.2
D08568,12,404.99,2.75
D01481,13,404.98999999999995,2.5
D09136,12,404.97,3.5
D01690,11,404.96,2.8333333333333335
D09671,12,404.83,4.666666666666667
D00696,9,404.74,3.25
D02096,11,404.7300000000001,4.5
D01982,13,404.62,4.0
D06750,18,404.62,4.2
D04158,14,404.59000000000003,2.0
D06622,16,404.41,3.0
D09789,14,404.4,4.0
D06763,12,404.39,3.5
D05625,13,404.34000000000003,2.75
D08120,12,404.19999999999993,2.75
D08113,14,404.15,4.142857142857143
D00125,17,403.94000000000005,1.3333333333333333
D03397,12,403.90999999999997,3.2857142857142856
D01877,13,403.89,3.0
D00273,14,403.84999999999997,2.2
D05628,12,403.81,5.0
D06344,13,403.78999999999996,3.0
D05755,12,403.73999999999995,3.5
D06003,11,403.66999999999996,3.3333333333333335
D06023,14,403.66,3.2
D01304,12,403.6,2.5
D06946,13,403.59000000000003,3.4
D00022,11,403.59,2.5
D07734,15,403.48,3.2857142857142856
D09627,13,403.44,3.2
D03647,14,403.36,2.0
D08851,14,403.28,3.3333333333333335
D06256,12,403.11,1.0
D05103,15,403.05999999999995,2.0
D02463,13,403.04,2.0
D08153,14,403.03999999999996,3.2
D00756,15,403.0,4.0
D05286,14,402.87,3.5714285714285716
D09661,13,402.86,3.5
D04804,13,402.83,3.5
D05956,11,402.58,2.25
D04620,14,402.45000000000005,1.5
D03352,12,402.39,3.1666666666666665
D05184,16,402.38000000000005,3.0
D06276,16,402.3500000000001,2.1666666666666665
D09485,16,402.34000000000003,3.375
D07360,15,402.3,3.0
D08489,13,402.21999999999997,4.333333333333333
D06511,12,402.16,3.6666666666666665
D06104,12,402.04999999999995,1.0
D02642,14,402.03,1.3333333333333333
D02058,12,401.93,2.6666666666666665
D05212,14,401.91,2.0
D00023,11,401.86,3.0
D09912,12,401.84000000000003,2.75
D08139,13,401.79999999999995,4.5
D06942,13,401.79,4.666666666666667
D07422,14,401.72999999999996,3.2
D05279,12,401.69000000000005,2.6
D08886,13,401.64,2.25
D07260,11,401.59999999999997,3.4
D09070,12,401.56,2.2
D06901,16,401.5,2.4
D04937,13,401.49,2.3333333333333335
D06867,13,401.48,3.0
D04212,13,401.44999999999993,2.5
D06427,9,401.41999999999996,4.0
D04917,13,401.41999999999996,4.0
D05437,13,401.32000000000005,4.6
D03821,14,401.28,3.0
D03091,11,401.26000000000005,2.5
D09835,16,401.18000000000006,1.6666666666666667
D06953,14,401.17,2.0
D05313,14,401.09000000000003,2.75
D01258,13,400.96,3.2
D08716,12,400.94999999999993,3.2
D07475,11,400.89,3.0
D01475,13,400.87,3.142857142857143
D04418,13,400.81000000000006,2.5
D02187,10,400.73,1.75
D05183,11,400.61,3.0
D06858,16,400.48,2.25
D03357,16,400.46000000000004,2.5
D03702,12,400.34999999999997,2.7142857142857144
D01463,12,400.33000000000004,3.5
D08724,11,400.25,2.8333333333333335
D07771,15,400.12,2.2
D09487,14,400.08000000000004,2.75
D03402,12,400.01,2.5
D07530,13,399.97999999999996,1.5
D09596,14,399.91,2.6666666666666665
D03831,13,399.87,2.4
D08072,13,399.77,1.6666666666666667
D01874,13,399.76,3.2
D07157,14,399.67,2.8
D01070,9,399.66999999999996,2.3333333333333335
D08625,14,399.61,2.0
D09061,14,399.57000000000005,3.2
D02538,14,399.55999999999995,2.5
D09042,12,399.53,4.0
D08340,15,399.43,2.857142857142857
D08154,15,399.12,2.8
D00842,13,399.04,1.5
D07116,9,399.02,2.0
D07163,10,398.98,3.0
D06018,12,398.84000000000003,3.5
D07225,11,398.76,2.2
D09346,12,398.75,3.5
D00430,11,398.73,2.75
D07125,17,398.71999999999997,3.5
D02307,16,398.7,3.2
D06579,13,398.64,2.0
D00178,12,398.57,2.5
D03513,13,398.56000000000006,2.3333333333333335
D02461,10,398.55,3.0
D04538,13,398.54,3.6666666666666665
D06945,11,398.5,2.3333333333333335
D05590,12,398.42999999999995,3.3333333333333335
D05137,10,398.24,1.8
D06324,13,398.18,4.0
D05344,10,398.14,2.5
D06513,12,397.9,4.0
D06421,15,397.89,2.0
D03884,10,397.84,3.4
D01763,16,397.79,3.3333333333333335
D06436,14,397.73,3.0
D04164,14,397.65,4.5
D04463,13,397.44999999999993,2.6666666666666665
D04304,13,397.44,1.6666666666666667
D01007,16,397.41999999999996,3.2
D02827,14,397.33000000000004,2.75
D05089,14,397.28,3.3333333333333335
D06226,16,397.27,2.75
D07164,16,397.26,3.3333333333333335
D05104,15,397.2,3.0
D07269,13,397.19000000000005,3.6
D01842,10,397.19,2.3333333333333335
D04498,13,397.15,2.5
D03510,14,397.12,3.6666666666666665
D08541,16,397.10999999999996,2.8
D02401,10,397.10999999999996,1.5
D03650,9,397.0799999999999,3.6666666666666665
D05158,14,397.06000000000006,3.0
D09064,12,397.02000000000004,3.5
D03500,11,397.01,2.8
D00207,11,396.98,3.5
D05612,12,396.93,2.6666666666666665
D06978,10,396.92,2.5
D05801,14,396.86,3.0
D06141,13,396.84000000000003,3.3333333333333335
D09969,11,396.77,3.0
D04312,13,396.65999999999997,2.5714285714285716
D02491,15,396.65999999999997,2.0
D02468,10,396.59000000000003,2.142857142857143
D05135,11,396.54,3.0
D07031,14,396.36,4.0
D02166,10,396.3,2.8333333333333335
D01221,10,396.28,2.5
D07908,12,396.25,2.8333333333333335
D02717,14,396.25,2.6
D08343,11,396.24,2.0
D05320,11,396.2099999999999,1.6666666666666667
D00140,12,396.16,2.25
D09900,13,396.14,3.0
D01362,12,396.06,3.0
D00741,14,395.97999999999996,
D07351,13,395.80999999999995,2.2
D04816,13,395.80000000000007,2.75
D02884,10,395.76,3.75
D05522,13,395.68000000000006,3.8333333333333335
D05216,11,395.6700000000001,3.0
D09324,15,395.54,2.5
D00126,13,395.42999999999995,3.5
D03334,12,395.38,3.5714285714285716
D05861,12,395.34000000000003,2.0
D07297,10,395.33,3.0
D04990,14,395.2900000000001,4.0
D01288,11,395.26000000000005,5.0
D06714,12,395.20000000000005,2.2
D02366,12,395.19999999999993,2.5
D09612,12,395.15999999999997,4.5
D09474,12,395.07,2.6666666666666665
D00370,12,395.06,3.25
D01570,14,395.02,3.3333333333333335
D03705,16,395.0,2.75
D06414,14,394.97,3.2
D06939,17,394.97,3.4285714285714284
D03706,14,394.93,3.6666666666666665
D01742,13,394.91,2.0
D02065,12,394.84999999999997,1.3333333333333333
D09816,12,394.75,3.5
D06293,13,394.6000000000001,1.5
D08119,12,394.58,3.5
D06819,13,394.56,3.0
D05407,10,394.54,4.4
D09578,10,394.51000000000005,3.0
D06623,15,394.5,3.75
D03323,9,394.38,2.0
D02792,14,394.37,4.5
D00019,14,394.34999999999997,2.5714285714285716
D05682,15,394.34,3.0
D02089,11,394.33,4.0
D04772,12,394.30999999999995,2.0
D02044,13,394.26,4.0
D01544,16,394.24,3.0
D02168,12,394.23,3.25
D08184,8,394.1499999999999,2.6666666666666665
D02871,14,393.96999999999997,2.857142857142857
D07788,11,393.92999999999995,2.3333333333333335
D04339,11,393.76,2.0
D00287,13,393.75,2.0
D05650,11,393.66999999999996,3.0
D03875,13,393.6400000000001,3.6
D05307,14,393.5400000000001,1.5
D04155,9,393.51,3.0
D04460,14,393.39,2.0
D02644,12,393.38,1.3333333333333333
D00949,10,393.36,3.6666666666666665
D06230,11,393.29999999999995,3.5
D05309,14,393.23,1.5
D07101,14,393.22,1.3333333333333333
D09794,15,393.15999999999997,3.0
D09811,13,393.14,2.6
D08999,11,393.1,2.8
D04745,14,393.07000000000005,3.0
D03126,13,393.01,1.8
D00483,13,393.01,4.0
D03832,13,392.91,3.0
D06784,11,392.88,3.25
D01769,13,392.84000000000003,1.8333333333333333
D00639,14,392.78999999999996,3.0
D07244,11,392.74,3.2
D03431,13,392.69,2.6666666666666665
D08863,11,392.62,2.5
D09494,16,392.54,4.0
D01801,12,392.49999999999994,2.857142857142857
D00734,11,392.47,3.0
D05769,12,392.43999999999994,1.0
D00927,10,392.40000000000003,2.5
D07311,13,392.26,4.0
D06063,12,392.25,3.6
D09638,12,392.24,3.0
D08274,16,392.21000000000004,2.75
D09670,12,392.21,4.0
D01328,9,392.19000000000005,3.0
D03895,13,392.18999999999994,3.857142857142857
D09140,11,392.15000000000003,2.6666666666666665
D07209,10,392.15,2.6666666666666665
D07267,14,392.07,5.0
D03124,16,392.06,2.4
D09265,11,392.01,3.0
D06080,12,391.78,3.0
D02229,12,391.73,3.0
D06009,11,391.71999999999997,3.25
D09472,15,391.71,3.8333333333333335
D01607,14,391.7099999999999,2.6666666666666665
D09210,11,391.70000000000005,3.6666666666666665
D07690,10,391.59000000000003,3.25
D06798,11,391.5,3.0
D01214,12,391.46000000000004,2.75
D06874,12,391.43,3.5
D05234,12,391.4000000000001,3.0
D05892,10,391.38,2.4
D07077,12,391.36999999999995,2.6666666666666665
D09083,13,391.34,2.0
D00859,14,391.28000000000003,2.6666666666666665
D07018,14,391.25,2.4
D06388,12,391.23,2.5
D07359,15,391.18,2.6666666666666665
D06688,11,391.1,3.0
D07145,10,391.1,3.0
D03670,13,391.06000000000006,3.2857142857142856
D09601,13,391.06000000000006,2.5
D02173,12,391.06,2.0
D00887,11,391.05000000000007,3.0
D00935,14,391.03,3.5
D03048,13,391.03,3.0
D09482,14,390.91,3.4
D04272,13,390.84,3.0
D05709,14,390.8,2.0
D03768,14,390.73,3.0
D01943,16,390.6,2.0
D04529,9,390.53999999999996,
D03031,13,390.51000000000005,3.25
D09668,14,390.48999999999995,2.5
D08997,14,390.46999999999997,2.6
D01634,11,390.46000000000004,1.5
D08367,14,390.45000000000005,2.8
D01716,13,390.40000000000003,3.5
D04291,12,390.32,1.5
D00167,16,390.29999999999995,3.3333333333333335
D04983,15,390.27,2.4
D02667,15,390.25,3.6666666666666665
D02131,10,390.24,1.8
D00380,13,390.22,2.8333333333333335
D08392,15,390.06000000000006,2.8333333333333335
D02212,13,390.06,2.2
D03928,12,390.03999999999996,4.0
D02412,14,389.99,2.6666666666666665
D09237,10,389.96999999999997,2.3333333333333335
D09582,10,389.91999999999996,3.0
D03195,15,389.90999999999997,3.5
D05684,10,389.88,5.0
D03311,13,389.83,3.5
D01817,11,389.78,4.5
D06964,12,389.76000000000005,3.0
D03133,11,389.72999999999996,1.0
D09255,11,389.71000000000004,2.2857142857142856
D09855,11,389.71,1.5
D04387,10,389.71,2.5
D07987,9,389.57000000000005,4.0
D01882,14,389.48,2.75
D08664,13,389.41,2.5
D01435,13,389.40999999999997,2.6
D03117,15,389.39,1.3333333333333333
D03826,13,389.38,3.0
D08662,13,389.32,1.8
D05663,12,389.26,2.4
D09576,12,389.22,2.6666666666666665
D06656,18,389.19000000000005,3.6
D03673,13,389.16999999999996,4.0
D04296,13,389.16999999999996,3.1666666666666665
D02133,13,389.16,1.75
D03038,14,389.06,3.75
D05766,9,389.05999999999995,2.75
D08325,15,389.05,2.6
D02220,15,388.99999999999994,3.0
D06389,9,388.84000000000003,2.0
D07700,16,388.79999999999995,2.0
D01575,12,388.78,3.0
D00691,10,388.67999999999995,2.75
D00685,14,388.67,4.666666666666667
D06109,11,388.67,2.25
D08457,11,388.63,3.0
D07152,15,388.63,3.2
D09158,16,388.4599999999999,1.8
D09021,11,388.45,3.4
D02817,12,388.43,3.0
D08285,16,388.37,2.5
D06504,14,388.24,3.75
D04565,14,388.16999999999996,3.4285714285714284
D09121,12,387.98,2.0
D04866,15,387.95,3.2
D03310,12,387.93000000000006,3.0
D01899,11,387.88,2.4
D04992,10,387.79999999999995,2.0
D01218,9,387.67,5.0
D03203,7,387.62,3.5
D09293,14,387.6,2.75
D06139,11,387.49,3.5714285714285716
D06322,13,387.48,2.2857142857142856
D00722,13,387.4200000000001,2.0
D05443,13,387.39,4.0
D01330,10,387.38999999999993,2.4285714285714284
D07080,14,387.27,
D07894,12,387.25,3.6666666666666665
D09623,12,387.20000000000005,3.0
D03676,13,387.17999999999995,4.166666666666667
D08575,9,387.13,1.6666666666666667
D02274,15,387.03999999999996,1.0
D07203,15,387.02000000000004,3.625
D06893,10,386.97999999999996,4.0
D02586,12,386.97,1.25
D09678,13,386.97,2.8
D02252,11,386.91,2.6666666666666665
D00161,13,386.79,5.0
D05170,14,386.78999999999996,3.5
D06807,12,386.78999999999996,3.5
D08122,15,386.78,3.0
D01579,15,386.73,2.0
D06889,13,386.7099999999999,3.0
D05781,14,386.70000000000005,2.7142857142857144
D06833,12,386.66999999999996,3.75
D02024,14,386.58,4.166666666666667
D07777,10,386.58,4.25
D09559,13,386.54,3.0
D07423,17,386.5,2.6666666666666665
D06716,13,386.48,2.6666666666666665
D03039,9,386.44,3.3333333333333335
D04904,14,386.43999999999994,3.3333333333333335
D03464,11,386.41,2.6666666666666665
D00385,11,386.32,4.333333333333333
D09426,14,386.29999999999995,5.0
D09539,12,386.25,4.0
D02861,14,386.23999999999995,3.3333333333333335
D00114,12,386.21,4.0
D02185,14,386.06,2.6
D04537,10,385.9,3.3333333333333335
D06458,12,385.89,1.0
D05828,17,385.85,3.4285714285714284
D08056,14,385.84000000000003,3.75
D03007,9,385.76,2.6666666666666665
D04452,12,385.76,3.6666666666666665
D05361,14,385.75,3.0
D08937,13,385.71,2.4
D01598,17,385.68,3.75
D06520,12,385.64,2.0
D02872,10,385.62000000000006,3.2
D05204,12,385.56999999999994,4.2
D01885,13,385.44,2.6666666666666665
D05929,11,385.43000000000006,2.8
D05265,9,385.41,2.8
D03151,11,385.40999999999997,3.6666666666666665
D01184,12,385.4,3.8
D04064,11,385.38,2.3333333333333335
D09894,13,385.34000000000003,3.0
D03602,12,385.27,3.3333333333333335
D02146,12,385.24999999999994,3.6666666666666665
D08868,12,385.16,1.6666666666666667
D01917,12,385.11,3.6666666666666665
D09039,13,385.09,2.6666666666666665
D01131,10,385.09,3.4
D08705,17,385.05,4.333333333333333
D00933,13,385.03999999999996,2.75
D05115,12,385.03,3.0
D06838,13,384.99,2.8333333333333335
D04464,13,384.98,3.3333333333333335
D07183,11,384.9,1.6666666666666667
D08804,8,384.9,1.0
D00266,16,384.87999999999994,1.8571428571428572
D01004,10,384.84000000000003,3.25
D03368,14,384.83000000000004,3.0
D02773,11,384.83000000000004,5.0
D09088,11,384.79,1.0
D03213,15,384.75000000000006,3.25
D06440,10,384.71,2.375
D07201,15,384.61000000000007,2.8
D01603,10,384.61,2.6
D04495,9,384.55,2.6666666666666665
D08536,11,384.51,3.5
D09614,15,384.46,3.0
D06679,15,384.4,4.0
D07930,12,384.38000000000005,3.142857142857143
D08099,11,384.36,2.3333333333333335
D07595,16,384.35,2.5
D05900,14,384.22,2.8333333333333335
D00349,12,384.21000000000004,2.5
D06496,13,384.05,2.8333333333333335
D08702,14,384.03999999999996,1.0
D09102,9,384.01,3.0
D08497,13,383.98,3.5
D04972,12,383.97,2.0
D00657,16,383.94999999999993,4.5
D03867,13,383.89,2.6
D08917,15,383.88,4.0
D09755,15,383.86,3.125
D08802,14,383.85,3.0
D08653,16,383.81000000000006,2.4
D05072,12,383.7,2.5
D03777,17,383.68,1.5714285714285714
D05741,11,383.52,3.0
D04823,12,383.5,2.5
D08348,11,383.47,3.0
D05430,13,383.46,3.0
D02504,13,383.42999999999995,4.0
D01268,9,383.34,2.0
D06524,11,383.3,4.0
D03683,12,383.28,3.142857142857143
D08919,10,383.25000000000006,3.8
D06135,14,383.24,2.25
D07756,14,383.23,3.25
D04360,13,383.19,3.0
D09333,13,383.17,3.0
D08512,13,383.11,3.4
D03499,12,383.11,1.6666666666666667
D09402,11,383.09,2.3333333333333335
D05779,14,383.07,3.0
D05296,12,383.02,3.0
D09509,15,382.92,3.4
D01948,11,382.91,3.0
D04549,15,382.88,1.8333333333333333
D00764,9,382.86,2.5
D04213,14,382.85,3.2
D02337,15,382.68,1.75
D01168,11,382.65,3.0
D07658,10,382.60999999999996,3.25
D08879,12,382.59000000000003,2.6666666666666665
D00912,11,382.53,1.6666666666666667
D02918,13,382.50999999999993,1.75
D09829,15,382.48,3.3333333333333335
D08409,15,382.47,2.75
D03040,13,382.4699999999999,3.6666666666666665
D04742,11,382.41999999999996,3.6
D04981,13,382.38,2.5
D07574,11,382.33000000000004,3.0
D05425,13,382.30999999999995,3.0
D05021,9,382.14000000000004,
D02879,14,382.14,3.125
D02631,10,382.0,3.5
D01321,16,381.99,5.0
D03335,14,381.91,3.142857142857143
D01082,10,381.88999999999993,2.5
D06912,16,381.83000000000004,3.1666666666666665
D02766,11,381.8,2.5
D08005,12,381.72,3.0
D00552,15,381.68999999999994,3.25
D06498,14,381.66999999999996,3.0
D01819,14,381.66,1.5
D06399,15,381.65,2.6666666666666665
D04071,13,381.62999999999994,2.7142857142857144
D08732,15,381.57,4.666666666666667
D06376,10,381.54,1.0
D04428,10,381.54,3.6666666666666665
D09190,13,381.49,4.0
D07549,11,381.42,3.0
D01818,14,381.4,3.0
D03374,10,381.39,4.0
D03848,15,381.33000000000004,3.8
D04045,12,381.32,3.0
D07215,15,381.2800000000001,2.75
D06636,13,381.23999999999995,4.0
D08344,13,381.22,2.5
D08093,11,381.16999999999996,2.5
D09134,12,381.08,3.3333333333333335
D01368,11,381.06,2.6666666666666665
D09372,11,381.0,3.25
D02179,7,380.97,3.5
D03576,13,380.77,2.5
D06570,9,380.75,2.3333333333333335
D03931,14,380.65000000000003,3.8
D01876,12,380.63,2.3333333333333335
D05527,13,380.63,3.4
D03185,14,380.61,3.7142857142857144
D07414,9,380.59000000000003,3.25
D05608,14,380.36,3.5
D07929,12,380.33,3.0
D08384,10,380.32000000000005,3.0
D01309,13,380.27,4.5
D05230,10,380.22,2.75
D09427,15,380.20000000000005,2.4
D02664,12,380.16999999999996,3.2
D05949,8,380.15999999999997,3.5
D04079,11,380.1,1.0
D08306,13,380.1,3.4
D07934,17,380.07,2.8
D03086,10,380.04,3.0
D03100,11,380.03000000000003,1.5
D09288,12,379.93,3.3333333333333335
D04369,13,379.92,2.5
D03575,14,379.63,3.625
D00242,13,379.56999999999994,4.0
D07933,13,379.53,2.25
D00301,13,379.48,3.6666666666666665
D03508,12,379.47,3.0
D07579,13,379.47,3.6666666666666665
D07140,15,379.46999999999997,2.25
D00153,12,379.41,4.333333333333333
D08760,13,379.40000000000003,3.4
D07235,9,379.3299999999999,4.0
D09952,14,379.3,3.5
D01770,10,379.29,3.0
D04954,14,379.28999999999996,2.25
D03890,11,379.23,1.0
D06416,13,379.12,2.5
D06859,14,379.09000000000003,2.5
D03106,16,379.02,3.0
D00029,11,378.97,3.3333333333333335
D04505,15,378.97,3.875
D07314,14,378.94,3.25
D07333,11,378.89000000000004,2.0
D03598,12,378.82000000000005,2.75
D09359,14,378.76,3.6666666666666665
D00256,12,378.74,3.0
D03659,15,378.70000000000005,2.9
D07880,12,378.65999999999997,3.0
D08561,9,378.65,3.1666666666666665
D03881,10,378.64,2.5
D04129,10,378.56000000000006,3.0
D08567,12,378.56,5.0
D04018,13,378.53000000000003,4.0
D05688,12,378.48,3.0
D00050,13,378.37,3.6666666666666665
D09441,14,378.37,2.0
D01208,11,378.34000000000003,3.25
D03415,13,378.26,3.2
D05567,11,378.25,3.0
D01991,13,378.24,1.0
D05667,13,378.09,4.0
D00980,14,378.07,3.4285714285714284
D08298,16,377.94000000000005,3.0
D09272,11,377.90000000000003,3.0
D02011,14,377.88,2.5
D01706,11,377.88,2.3333333333333335
D05765,10,377.85,3.25
D04729,12,377.84,2.0
D08073,13,377.81,3.0
D06980,11,377.77,1.5
D09568,12,377.74,3.75
D00248,11,377.74,4.0
D06201,12,377.72999999999996,2.5
D03299,14,377.69999999999993,3.3333333333333335
D02617,11,377.66,3.3333333333333335
D01844,16,377.65999999999997,4.0
D09365,9,377.63000000000005,2.4
D04368,9,377.62,3.0
D01676,13,377.58,2.5
D00005,13,377.56,3.2
D01954,13,377.45,2.6666666666666665
D02770,11,377.43999999999994,3.4
D07745,13,377.4,3.0
D02944,14,377.36,3.6
D00463,14,377.28000000000003,3.5
D00642,9,377.25,1.5
D00471,15,377.25,3.2
D04649,13,377.21000000000004,2.5
D01261,15,377.21,3.25
D09424,10,377.19999999999993,2.0
D03109,14,377.09000000000003,4.0
D01398,11,377.09,2.6666666666666665
D04637,9,377.05,2.0
D02181,16,376.96000000000004,2.6666666666666665
D05153,14,376.96,3.5
D04402,15,376.95,2.2
D06629,12,376.94,3.6666666666666665
D08910,10,376.88,2.0
D08620,13,376.87,3.5
D01887,11,376.78,3.0
D07708,12,376.61999999999995,4.0
D06078,15,376.61,1.0
D03817,14,376.56,4.0
D03228,14,376.46999999999997,3.5714285714285716
D07688,15,376.26,2.2
D09470,13,376.25,3.4
D04731,11,376.24,2.6666666666666665
D02759,13,376.19,2.6666666666666665
D05504,8,376.18,
D04750,11,376.14,2.4
D07562,9,376.1,3.0
D03770,10,376.09999999999997,4.5
D04894,9,376.04,2.3333333333333335
D01494,10,376.02,2.1666666666666665
D01170,12,375.98,3.3333333333333335
D09579,14,375.92999999999995,2.142857142857143
D02954,10,375.69,4.666666666666667
D06467,12,375.65,2.0
D01129,11,375.64,3.5
D08330,14,375.59999999999997,3.6
D06476,11,375.56999999999994,2.8333333333333335
D04334,11,375.53,3.2
D00136,13,375.48,3.0
D03624,14,375.44,2.6666666666666665
D08758,12,375.41999999999996,2.0
D02723,14,375.38,3.0
D00260,12,375.31000000000006,3.5
D03599,9,375.31,2.8
D05405,11,375.28,4.5
D07304,13,375.26,3.8333333333333335
D02210,17,375.24,3.5
D06911,10,375.18,3.3333333333333335
D05941,10,375.17999999999995,3.4
D09172,13,375.16999999999996,3.1666666666666665
D08284,12,375.15999999999997,4.0
D09401,11,375.13,3.0
D03009,11,375.07000000000005,3.0
D01710,12,375.02,2.6666666666666665
D08767,13,375.01000000000005,3.0
D07358,12,374.99,2.0
D02127,16,374.91999999999996,2.5
D00975,14,374.87,2.3333333333333335
D09317,13,374.81000000000006,2.6666666666666665
D04533,15,374.78999999999996,3.3333333333333335
D02550,12,374.78,2.6
D07138,11,374.70000000000005,3.5
D06557,11,374.65,2.5
D00754,12,374.62,2.8
D04681,11,374.62,3.5
D06495,12,374.61,1.5
D07159,13,374.46,2.75
D04001,11,374.41999999999996,3.0
D05813,9,374.39,2.6666666666666665
D03363,11,374.39,1.0
D06325,16,374.38000000000005,2.25
D07977,11,374.33000000000004,2.8
D06733,12,374.32,2.2
D09590,10,374.3,2.6666666666666665
D04266,12,374.24,5.0
D07165,9,374.19,4.0
D07995,13,374.12999999999994,2.5
D03856,14,374.03999999999996,2.6
D05472,12,374.01,3.6
D08239,14,373.94,3.5
D04355,10,373.91,3.0
D05672,14,373.90999999999997,
D06815,12,373.82000000000005,2.25
D04256,12,373.79,1.0
D09019,11,373.79,2.5
D08436,13,373.78,3.6666666666666665
D01072,14,373.77,3.142857142857143
D06395,9,373.77,1.5
D08030,10,373.70000000000005,2.4
D00954,12,373.69000000000005,1.3333333333333333
D03180,15,373.58000000000004,3.0
D03610,11,373.51,2.8333333333333335
D04044,10,373.43,2.3333333333333335
D03297,13,373.40999999999997,2.4
D06391,12,373.39,1.5
D04635,14,373.35999999999996,2.4
D01813,10,373.23999999999995,3.3333333333333335
D01188,15,373.23,3.6
D04469,14,373.23,4.0
D06140,13,373.20000000000005,2.4
D04421,14,373.15999999999997,2.5
D04332,12,373.08000000000004,4.0
D02831,12,372.95000000000005,3.75
D08109,10,372.95,2.0
D07289,13,372.92999999999995,3.0
D07878,13,372.91999999999996,3.0
D07261,12,372.91999999999996,3.8333333333333335
D07310,13,372.88,3.25
D04630,13,372.88,4.0
D03275,11,372.75,3.0
D01056,12,372.73,2.5
D03113,12,372.59000000000003,2.25
D09176,13,372.56,2.2
D04589,12,372.53999999999996,4.333333333333333
D03780,10,372.53000000000003,3.25
D08229,12,372.53,2.2857142857142856
D00358,15,372.47999999999996,3.25
D00742,11,372.22,3.3333333333333335
D06941,9,372.21999999999997,1.75
D04690,14,372.11,3.6
D04545,13,372.03999999999996,2.3333333333333335
D04722,12,372.03000000000003,2.0
D09307,11,372.03,3.0
D01401,11,371.89,4.0
D05580,10,371.85,3.75
D02596,14,371.83,3.3333333333333335
D09966,9,371.76,1.5
D07206,12,371.73,3.5
D02799,13,371.6,2.8
D03531,15,371.56,3.0
D06173,11,371.52,3.0
D06633,9,371.51,3.5
D08765,14,371.47,2.0
D04920,16,371.47,2.6666666666666665
D07578,9,371.46,2.6666666666666665
D07823,11,371.43000000000006,2.0
D02275,10,371.40999999999997,2.5
D04168,11,371.4,3.0
D07065,15,371.39,3.0
D03823,9,371.37999999999994,2.0
D09048,12,371.37,3.0
D03665,12,371.35,3.0
D07041,14,371.29999999999995,4.25
D08764,11,371.24,2.8
D02172,14,371.22999999999996,2.6666666666666665
D06449,12,371.22,3.0
D08818,13,371.15000000000003,3.1666666666666665
D05363,13,371.08000000000004,2.5
D01601,17,371.07,4.285714285714286
D01651,12,371.07,3.3333333333333335
D05747,15,371.04999999999995,3.0
D08524,9,371.04999999999995,1.75
D06694,9,370.99,4.0
D09052,15,370.94,2.0
D05185,9,370.85,2.5
D01581,13,370.66999999999996,1.5
D00824,12,370.53000000000003,3.75
D04099,12,370.52,1.0
D04091,11,370.49,2.25
D01678,12,370.46000000000004,2.8
D02993,13,370.40999999999997,1.0
D08382,10,370.37000000000006,3.5
D03074,14,370.35,2.2
D05205,14,370.25,2.25
D02688,11,370.1600000000001,3.0
D08352,10,370.14,2.5
D03265,12,370.11,3.75
D01511,9,370.05,3.0
D01927,10,370.0,1.75
D05045,10,369.84,3.6666666666666665
D08346,8,369.81,1.0
D03360,11,369.76000000000005,3.25
D03137,15,369.48999999999995,3.0
D02136,8,369.46,2.0
D05771,10,369.45000000000005,4.333333333333333
D06385,11,369.32,3.3333333333333335
D02713,10,369.31,1.0
D08983,9,369.26,3.0
D03994,11,369.25,3.5
D07136,15,369.05000000000007,3.4
D09398,12,369.02,5.0
D01335,11,368.99,2.0
D03417,13,368.97,2.6
D07401,12,368.9599999999999,3.5
D06056,14,368.90000000000003,3.3333333333333335
D05394,12,368.84,3.6
D05928,14,368.83000000000004,3.0
D04127,11,368.83,3.3333333333333335
D09676,12,368.81000000000006,3.0
D03329,13,368.71999999999997,3.25
D05328,17,368.71,3.0
D04181,15,368.67,2.6666666666666665
D04214,12,368.57,3.6
D08890,13,368.53,3.3333333333333335
D07395,13,368.52,1.8
D08088,11,368.47,2.0
D00974,11,368.46,1.6666666666666667
D02285,11,368.4,4.4
D08779,13,368.4,3.5
D08161,12,368.39000000000004,3.25
D08101,13,368.27000000000004,4.666666666666667
D04264,14,368.21000000000004,
D09391,12,368.19000000000005,4.25
D04454,11,368.13,2.6
D06337,11,367.9599999999999,3.0
D07890,13,367.88,3.5
D03651,15,367.82,2.6666666666666665
D04330,14,367.80999999999995,3.4
D06925,15,367.78999999999996,2.6
D05784,10,367.77000000000004,4.0
D06583,12,367.77,2.0
D03845,12,367.74,2.5
D00497,12,367.73,3.142857142857143
D00958,13,367.72,3.5
D04567,15,367.70000000000005,4.0
D06383,7,367.67,4.0
D06348,13,367.62,2.7142857142857144
D03950,12,367.58000000000004,3.3333333333333335
D04747,14,367.53999999999996,3.5
D03623,15,367.53000000000003,4.333333333333333
D09705,13,367.52,1.3333333333333333
D01529,11,367.5,5.0
D02206,12,367.47,2.4
D04486,16,367.44,3.2857142857142856
D06599,11,367.40999999999997,2.75
D06305,11,367.38,3.8
D03231,15,367.33,4.0
D01181,15,367.27000000000004,2.5
D05652,12,367.24999999999994,1.6666666666666667
D02648,13,367.20000000000005,3.5
D05208,11,367.11,4.0
D07882,11,367.05000000000007,2.6666666666666665
D04422,12,366.97999999999996,3.142857142857143
D03586,10,366.92,2.3333333333333335
D06370,8,366.83000000000004,2.5
D09060,13,366.81000000000006,3.0
D09091,14,366.81,2.0
D00889,12,366.71000000000004,2.6666666666666665
D06001,15,366.70000000000005,3.5714285714285716
D02899,11,366.66,2.6666666666666665
D01380,13,366.65999999999997,1.3333333333333333
D07963,12,366.65,2.75
D02470,10,366.63,3.0
D00049,11,366.51000000000005,2.2
D05206,10,366.51000000000005,4.5
D01305,13,366.46000000000004,3.6666666666666665
D03897,11,366.46,3.2
D02278,12,366.44,3.75
D08797,11,366.43,2.6666666666666665
D02410,12,366.43,2.75
D06266,12,366.40999999999997,3.3333333333333335
D03315,10,366.40000000000003,4.0
D06940,12,366.33,2.6666666666666665
D03876,11,366.18,2.6666666666666665
D02703,16,366.16999999999996,4.5
D07944,12,366.16,3.0
D04908,11,366.14,3.6666666666666665
D03366,13,366.13,3.3333333333333335
D09415,14,366.12,2.4
D07374,13,366.07000000000005,3.6666666666666665
D00550,10,366.06000000000006,3.75
D09082,11,366.03,2.4
D03652,10,365.98,3.0
D03337,13,365.97,3.2857142857142856
D02591,12,365.96000000000004,3.0
D01314,13,365.93999999999994,2.6666666666666665
D00950,14,365.84000000000003,3.4285714285714284
D00503,13,365.69,5.0
D04601,12,365.64,3.2
D03342,11,365.63000000000005,3.0
D02930,11,365.6,2.3333333333333335
D08589,14,365.58,3.6666666666666665
D06294,12,365.48,2.3333333333333335
D04167,11,365.47,1.75
D08832,14,365.42,3.6
D00384,10,365.38,2.8
D08932,11,365.35,
D02075,14,365.19000000000005,2.2
D03316,12,365.19000000000005,3.6666666666666665
D09325,12,365.18000000000006,5.0
D05123,10,365.15999999999997,5.0
D05171,12,365.09999999999997,2.0
D01460,13,365.02000000000004,4.666666666666667
D04331,11,364.95000000000005,4.4
D05645,14,364.72999999999996,2.6666666666666665
D02247,16,364.64,2.2
D00818,12,364.59000000000003,3.1666666666666665
D03144,13,364.57,3.0
D01956,14,364.51,3.5714285714285716
D08823,14,364.5,2.142857142857143
D04845,11,364.45000000000005,3.3333333333333335
D08965,12,364.44,2.5
D07023,11,364.34000000000003,2.0
D09783,13,364.26,
D07457,13,364.2,1.25
D05871,13,364.16,3.2
D04503,12,364.15999999999997,2.8333333333333335
D01863,12,364.12,2.75
D05376,14,364.1,4.0
D07721,12,364.08000000000004,2.3333333333333335
D03935,12,364.06,2.75
D09089,16,364.06,3.75
D03786,11,363.92999999999995,3.75
D06176,15,363.90999999999997,3.0
D04718,13,363.88,4.0
D05764,9,363.87,5.0
D05716,13,363.84999999999997,2.75
D09843,12,363.82000000000005,1.75
D05427,13,363.76,2.5
D09111,14,363.75,5.0
D09357,11,363.69,2.75
D04879,14,363.62000000000006,
D00723,13,363.55999999999995,2.25
D05681,12,363.5,3.0
D04704,11,363.46,3.5
D05395,10,363.41,3.6666666666666665
D07499,11,363.38,3.2
D07599,11,363.36,2.2
D04281,11,363.35,3.25
D09764,14,363.32000000000005,3.0
D00991,11,363.29,4.25
D09350,11,363.12,3.3333333333333335
D05129,12,363.06,4.666666666666667
D02342,11,363.03999999999996,3.0
D06899,12,363.02,4.0
D02177,12,363.01,2.3333333333333335
D06984,13,363.01,3.4
D02746,11,362.97,2.25
D06281,12,362.91999999999996,3.2
D08564,13,362.84,5.0
D02447,14,362.78,3.0
D00177,12,362.75,2.25
D06829,15,362.75,4.0
D04817,11,362.71,3.2
D01864,13,362.66,2.5
D09028,13,362.61,4.0
D00943,9,362.49,3.6666666666666665
D03395,11,362.39,2.8
D00688,12,362.37,1.75
D00346,16,362.28,2.6666666666666665
D02360,13,362.23,1.5
D06053,12,362.18,3.0
D07014,11,362.09000000000003,3.6
D05251,10,362.09000000000003,2.5
D00220,11,362.04999999999995,3.5
D08738,13,362.0,2.0
D05934,12,361.97,3.6666666666666665
D03729,14,361.95,3.5
D09893,10,361.91,3.0
D07535,15,361.88,3.2
D02152,11,361.8,1.0
D01311,12,361.76,3.6
D04547,12,361.75,3.0
D09896,14,361.51,2.6
D04905,12,361.49,2.6666666666666665
D09477,11,361.44,3.5
D09927,13,361.37,3.25
D02512,11,361.34000000000003,2.3333333333333335
D03588,11,361.34000000000003,2.4
D09447,11,361.33000000000004,3.3333333333333335
D07024,12,361.25000000000006,1.6666666666666667
D07857,11,361.24,2.0
D07591,14,361.21,3.3333333333333335
D03731,14,361.08,3.0
D07204,11,361.0799999999999,4.0
D01315,14,361.06,4.4
D06303,12,361.05,3.3333333333333335
D01426,14,361.02,3.0
D07827,15,361.02,3.0
D00491,14,360.96,3.3333333333333335
D07852,11,360.89,4.0
D01071,15,360.86,3.4285714285714284
D03915,15,360.83000000000004,3.0
D09732,10,360.83,2.1666666666666665
D00331,11,360.8,2.7142857142857144
D03939,10,360.77000000000004,3.5
D09938,12,360.77,3.142857142857143
D04898,10,360.69000000000005,3.6666666666666665
D09256,10,360.69,3.0
D00025,11,360.65000000000003,3.0
D04009,7,360.59000000000003,1.0
D02007,11,360.54,2.2
D01044,11,360.5,3.0
D01729,12,360.48999999999995,3.0
D08316,13,360.44,3.0
D02996,12,360.27000000000004,1.5
D07396,9,360.1700000000001,3.25
D06375,9,360.11,5.0
D03309,10,360.08,2.6666666666666665
D02165,9,360.02000000000004,2.5
D03778,12,359.97,4.0
D09958,10,359.96,3.0
D09831,13,359.91999999999996,2.2
D04612,16,359.90000000000003,3.4
D04373,13,359.90000000000003,3.3333333333333335
D01522,12,359.86,2.0
D08401,14,359.78999999999996,4.0
D05822,13,359.72,1.6666666666666667
D04230,14,359.71000000000004,2.3333333333333335
D07441,14,359.68,2.8
D03434,8,359.66,2.3333333333333335
D06764,11,359.57,
D04795,10,359.56,4.333333333333333
D08031,13,359.55,2.5714285714285716
D09106,13,359.33000000000004,4.0
D09684,14,359.28,4.0
D05492,10,359.19,1.6666666666666667
D08583,13,359.14,3.3333333333333335
D06613,13,359.14,3.4
D08748,14,359.12,2.6666666666666665
D05054,12,359.04,3.2857142857142856
D05428,11,358.98,3.0
D09806,12,358.96,2.8
D05980,12,358.85,4.0
D05086,14,358.78999999999996,3.5
D02890,14,358.76,4.25
D02069,11,358.43000000000006,3.25
D02054,11,358.43,3.3333333333333335
D08287,10,358.38,3.6666666666666665
D06175,12,358.28999999999996,3.75
D06105,13,358.28999999999996,2.875
D05943,11,358.28000000000003,3.0
D01799,10,358.18,3.5
D03747,12,358.16999999999996,3.0
D05335,14,358.16,3.7142857142857144
D02885,13,358.14,3.5
D07916,12,358.08000000000004,3.0
D00449,10,358.07,2.5
D09765,9,358.03000000000003,3.0
D04519,17,358.01,2.75
D01098,11,358.01,3.4
D02404,11,357.97,3.25
D03067,12,357.96999999999997,4.0
D02768,13,357.95000000000005,2.5
D01017,13,357.91999999999996,2.5714285714285716
D02052,10,357.82,2.75
D01624,11,357.72,5.0
D03552,12,357.71000000000004,4.0
D05904,14,357.68,1.0
D03085,10,357.62,4.4
D02546,12,357.58,3.5
D06544,13,357.57000000000005,2.125
D04746,12,357.52,2.0
D02416,13,357.48,4.5
D09177,12,357.47,1.0
D06834,12,357.46999999999997,2.0
D04619,13,357.34000000000003,4.0
D05235,12,357.31,2.8
D01267,11,357.28,1.5
D03365,12,357.27,4.5
D08219,15,357.2,3.5
D09340,10,357.12,3.0
D06534,12,357.12,4.0
D01789,12,357.09,2.8
D01596,14,357.07,2.6666666666666665
D06549,16,357.05,2.5
D04768,14,357.0,2.75
D01828,11,356.99,2.0
D07217,8,356.98999999999995,5.0
D08212,12,356.82,3.5714285714285716
D06167,11,356.74000000000007,4.0
D07285,10,356.71,2.5
D05388,11,356.66999999999996,2.4
D03851,14,356.65999999999997,1.25
D05037,13,356.58,1.0
D03893,13,356.54999999999995,2.6
D05708,11,356.35,2.6666666666666665
D02960,14,356.32,5.0
D09144,10,356.31,4.0
D01419,9,356.19,
D05410,11,356.18,3.25
D07207,10,356.15999999999997,4.0
D06700,10,356.1,2.2
D01696,12,356.1,2.6
D09675,15,356.09,3.0
D02574,10,356.0,2.25
D09377,13,355.96,3.142857142857143
D00596,10,355.95,3.3333333333333335
D07016,11,355.95,3.5
D02710,10,355.95,2.5
D02460,11,355.93999999999994,3.0
D00888,15,355.86999999999995,1.75
D07431,12,355.86,4.0
D04157,11,355.85,2.3333333333333335
D05910,12,355.82000000000005,3.0
D06159,9,355.81,3.5
D02856,8,355.81,3.25
D06265,10,355.8,4.0
D08577,13,355.68000000000006,3.3333333333333335
D02099,12,355.68,1.8571428571428572
D05634,13,355.67999999999995,3.6666666666666665
D05536,12,355.65999999999997,1.0
D05085,14,355.64,3.4
D09437,11,355.64,3.0
D07432,10,355.64,2.5
D02636,15,355.58000000000004,2.5714285714285716
D04948,8,355.53,2.3333333333333335
D02803,12,355.4800000000001,3.5
D05482,9,355.43999999999994,2.25
D02973,14,355.28,3.0
D04978,13,355.25,3.3333333333333335
D04773,12,355.2,3.25
D09215,10,355.2,4.0
D06844,9,355.17999999999995,4.0
D07464,13,355.15,3.0
D05897,10,355.1,1.5
D04754,15,355.08000000000004,2.5
D00681,15,355.06,2.8
D03977,13,355.03000000000003,2.3333333333333335
D02956,13,355.0199999999999,2.5
D09946,16,355.01,2.0
D01936,11,354.96000000000004,2.25
D08112,10,354.91999999999996,2.8
D07545,11,354.9,3.5
D08319,12,354.9,2.0
D08329,10,354.88,4.333333333333333
D06296,13,354.88,2.6666666666666665
D07326,9,354.88,2.4
D00772,11,354.84000000000003,3.3333333333333335
D03684,14,354.82,3.0
D04419,13,354.78999999999996,3.0
D05458,12,354.75,3.4285714285714284
D01480,10,354.74,3.0
D03229,12,354.72,3.2857142857142856
D00630,9,354.56000000000006,2.3333333333333335
D03688,9,354.52,3.0
D08379,11,354.51,4.0
D01929,11,354.47999999999996,3.2
D08649,13,354.41999999999996,2.8
D03160,12,354.34999999999997,2.8
D02121,11,354.34999999999997,2.25
D09341,15,354.28999999999996,3.5
D06071,11,354.24,4.2
D01338,12,354.08,4.0
D00144,13,354.02000000000004,3.5
D03762,12,353.97,2.75
D07363,14,353.83,3.0
D04060,13,353.79999999999995,1.0
D01545,13,353.79999999999995,3.0
D01034,12,353.72,2.3333333333333335
D09196,12,353.7,4.5
D09820,10,353.7,2.25
D09908,9,353.63,3.5
D06382,13,353.6,4.166666666666667
D00348,9,353.57000000000005,2.5
D00187,14,353.56,4.333333333333333
D01159,11,353.55999999999995,4.75
D04598,14,353.52,3.25
D03697,11,353.42,3.0
D02835,9,353.42,2.6666666666666665
D05471,10,353.38000000000005,3.3333333333333335
D00145,12,353.38,4.0
D09274,13,353.31000000000006,2.0
D07252,12,353.31,2.6666666666666665
D08546,9,353.27,3.5
D00628,11,353.24,4.25
D00458,11,353.05,1.5
D05728,12,353.01,4.0
D09506,14,352.95,3.5
D04506,10,352.95,2.4
D04835,12,352.94000000000005,1.75
D05616,11,352.91999999999996,5.0
D07769,9,352.91,1.0
D03978,10,352.89,1.6666666666666667
D07718,13,352.84999999999997,2.0
D06883,12,352.82000000000005,1.0
D00391,11,352.80999999999995,4.0
D05503,9,352.79,1.6666666666666667
D09881,13,352.77,2.0
D05348,13,352.71,5.0
D00271,11,352.70000000000005,2.5
D00203,14,352.64,2.0
D06704,12,352.56999999999994,2.6
D01301,14,352.5,2.0
D03886,10,352.46999999999997,3.0
D07091,12,352.43,4.0
D05336,14,352.42,2.8
D09404,8,352.42,4.0
D04383,10,352.41,2.2
D05314,11,352.39,
D05553,10,352.36,3.2
D07134,10,352.31,3.0
D04935,10,352.29,4.5
D05071,12,352.28999999999996,3.4285714285714284
D05500,12,352.27,3.5
D05785,9,352.25,4.0
D01737,10,352.21000000000004,2.4
D06229,9,352.19000000000005,3.3333333333333335
D09878,12,352.03,4.0
D03080,10,351.98,3.6666666666666665
D07033,8,351.97,3.75
D01951,11,351.84000000000003,2.6666666666666665
D03523,10,351.83,2.75
D03235,12,351.81999999999994,3.0
D04974,10,351.81000000000006,3.0
D00112,8,351.79999999999995,3.5
D05783,9,351.77000000000004,4.5
D00554,9,351.68,4.333333333333333
D06832,11,351.67999999999995,2.4
D00337,11,351.67,2.6666666666666665
D07479,12,351.64,3.3333333333333335
D07442,10,351.62,1.0
D00666,10,351.5799999999999,2.75
D00307,11,351.56999999999994,3.0
D01669,10,351.52,4.333333333333333
D04844,13,351.52,3.75
D09824,10,351.44,2.5
D01231,12,351.39,3.0
D08870,11,351.34,2.75
D09484,12,351.25,3.25
D06689,10,351.24,1.0
D06432,10,351.21,2.3333333333333335
D09947,14,351.16999999999996,3.25
D00751,12,351.15999999999997,1.0
D07941,12,351.08000000000004,2.6666666666666665
D09721,9,350.86,2.3333333333333335
D05773,11,350.85999999999996,2.6666666666666665
D03387,11,350.84000000000003,4.4
D00978,13,350.82,4.166666666666667
D00543,12,350.72,1.5
D07118,11,350.69000000000005,3.0
D01421,12,350.68,4.333333333333333
D06849,14,350.67999999999995,1.25
D05390,9,350.55000000000007,3.0
D00274,14,350.52,2.5
D02223,16,350.49999999999994,2.8
D01815,10,350.47999999999996,4.0
D08158,12,350.45000000000005,4.0
D06151,11,350.34999999999997,3.3333333333333335
D00044,14,350.32,2.0
D08381,11,350.25,4.5
D04033,10,350.24,2.5
D08458,10,350.23999999999995,2.6
D05750,10,350.21,1.6666666666666667
D09711,13,350.2,2.5
D09957,9,350.16999999999996,4.666666666666667
D00047,11,350.15999999999997,2.6
D06792,10,350.14000000000004,3.8333333333333335
D06255,13,350.12,5.0
D08133,14,350.11,4.0
D09374,12,350.11,2.5
D03521,10,350.1,2.5
D05818,11,350.09999999999997,3.5
D05953,15,350.03999999999996,1.5
D01411,13,349.94,3.6666666666666665
D09781,13,349.93,3.1666666666666665
D07486,11,349.91999999999996,3.75
D08502,14,349.91,2.0
D08838,14,349.78,3.5
D09986,10,349.77,4.0
D00397,12,349.76,4.333333333333333
D07826,9,349.76,2.6666666666666665
D05044,12,349.75,3.0
D06864,9,349.65999999999997,2.5
D06258,15,349.65000000000003,3.0
D04815,12,349.64,3.75
D06584,12,349.62,3.25
D09988,10,349.51,2.3333333333333335
D08676,14,349.5,4.666666666666667
D09731,13,349.42,5.0
D03518,12,349.38000000000005,2.5
D05770,14,349.37,4.0
D08982,13,349.31,3.5714285714285716
D01812,11,349.29,2.1666666666666665
D03797,9,349.24,2.6666666666666665
D00010,14,349.18,2.8333333333333335
D02051,13,349.13,3.5
D04354,12,349.13,2.0
D06257,16,349.11,2.0
D01955,12,349.09999999999997,2.8
D07454,10,349.06000000000006,3.25
D08951,15,349.06,3.0
D06484,10,349.04,3.0
D01035,13,348.96000000000004,3.3333333333333335
D04392,16,348.96,3.25
D05753,11,348.92999999999995,2.75
D04074,11,348.87000000000006,2.75
D09326,12,348.79,3.3333333333333335
D00947,11,348.78,3.5
D01279,12,348.78,2.0
D09260,10,348.73,3.8333333333333335
D01640,12,348.72,5.0
D07717,10,348.71999999999997,1.6666666666666667
D01567,14,348.68999999999994,2.8
D03962,12,348.57,4.5
D04599,15,348.49999999999994,3.25
D08787,12,348.49,1.8
D05954,11,348.45,2.0
D07489,14,348.4,3.0
D00896,13,348.35,2.6666666666666665
D05201,12,348.34000000000003,2.0
D00472,13,348.33,2.25
D05467,15,348.2800000000001,3.0
D09217,13,348.28,1.75
D04227,12,348.25,2.8
D07390,11,348.25,2.1666666666666665
D01132,13,348.20000000000005,2.75
D08590,17,348.18,2.6
D09298,9,348.14,2.6
D09892,14,348.05,3.5
D09282,9,347.97,2.0
D08453,13,347.94999999999993,3.142857142857143
D04895,13,347.9200000000001,3.0
D07946,12,347.92,3.857142857142857
D04790,13,347.91999999999996,2.3333333333333335
D06466,11,347.8299999999999,4.0
D05572,13,347.75,1.0
D08033,13,347.67,2.3333333333333335
D09839,11,347.64,2.8
D08366,10,347.63,1.8
D08390,10,347.61999999999995,2.6666666666666665
D04462,12,347.61,2.5
D00768,11,347.59,3.5
D04889,12,347.57,3.3333333333333335
D03444,12,347.56000000000006,2.5
D01060,13,347.46000000000004,3.0
D06365,9,347.46,3.3333333333333335
D04110,11,347.42999999999995,2.0
D04604,15,347.42,2.6666666666666665
D08155,9,347.38,4.0
D03530,11,347.19,4.0
D06060,11,347.09000000000003,3.4
D02070,12,347.08,4.333333333333333
D05984,15,347.06999999999994,3.3333333333333335
D05635,10,347.03999999999996,3.3333333333333335
D06607,11,346.98,3.0
D00995,14,346.97999999999996,4.333333333333333
D02141,13,346.9,4.666666666666667
D09725,15,346.81000000000006,4.166666666666667
D08729,14,346.70000000000005,2.0
D01021,10,346.62999999999994,4.0
D01191,12,346.62,3.3333333333333335
D00730,13,346.59999999999997,3.0
D05875,12,346.59000000000003,3.5
D03639,12,346.58,3.7142857142857144
D00944,12,346.54,3.6
D00217,12,346.54,3.3333333333333335
D07971,13,346.52,3.1666666666666665
D00972,11,346.51000000000005,2.3333333333333335
D04497,9,346.40999999999997,3.3333333333333335
D05148,12,346.35,4.0
D00766,14,346.3,3.6666666666666665
D04487,11,346.3,3.0
D06075,13,346.29,2.25
D07553,12,346.28999999999996,2.75
D01020,9,346.25,3.0
D02350,12,346.24,1.75
D08908,13,346.16999999999996,3.6
D06131,13,346.13,3.0
D01429,13,346.08000000000004,2.857142857142857
D03021,13,346.0,3.75
D03956,12,346.0,3.2
D03164,11,345.99,3.0
D07846,11,345.99,3.25
D06168,10,345.98,
D04414,12,345.97,3.5
D07248,14,345.96000000000004,2.2
D09069,10,345.94,4.0
D01269,11,345.85999999999996,
D01558,12,345.76,2.25
D06107,12,345.61,3.0
D05619,9,345.59000000000003,1.0
D08636,12,345.55000000000007,4.0
D08962,12,345.47999999999996,2.6
D09919,11,345.43,4.25
D02085,10,345.40999999999997,1.6666666666666667
D03644,12,345.30999999999995,2.75
D09886,9,345.27000000000004,2.5
D00708,11,345.22999999999996,1.5
D00098,11,345.14000000000004,1.8
D02561,9,345.14,4.2
D07233,9,345.1,2.0
D09974,11,345.09999999999997,3.6
D00175,11,345.07,3.25
D02915,14,344.90999999999997,1.6666666666666667
D06172,13,344.89,4.0
D09526,11,344.86,3.6666666666666665
D00809,10,344.86,2.0
D06735,12,344.86,4.0
D03847,9,344.7699999999999,3.5
D07799,13,344.72999999999996,2.6666666666666665
D01942,11,344.69000000000005,2.25
D07612,11,344.67,3.6666666666666665
D05922,14,344.64000000000004,3.3333333333333335
D05318,14,344.64,3.3333333333333335
D00037,10,344.53,3.25
D03581,12,344.52,3.6666666666666665
D04461,8,344.52,1.75
D02573,14,344.45,2.0
D07551,10,344.33,3.3333333333333335
D04113,10,344.32000000000005,
D04575,10,344.21000000000004,5.0
D09000,11,344.17,3.0
D04913,11,344.14,2.6666666666666665
D01333,11,344.08,3.0
D00973,12,344.01,3.1666666666666665
D08660,15,343.99,
D05189,10,343.98,3.3333333333333335
D08068,11,343.97999999999996,3.3333333333333335
D08954,9,343.97,3.3333333333333335
D08607,13,343.96,3.0
D03776,13,343.93999999999994,2.0
D00529,15,343.92,2.6
D07926,11,343.91999999999996,3.0
D01451,10,343.89,2.0
D02444,11,343.88,2.6666666666666665
D07874,10,343.83,1.75
D02593,12,343.82,4.0
D03377,10,343.77,2.5
D01878,8,343.76,5.0
D00647,11,343.73,3.6666666666666665
D03497,13,343.61,3.4285714285714284
D05975,10,343.61,3.0
D05532,12,343.59000000000003,2.4
D04979,11,343.56000000000006,4.25
D05942,10,343.54,2.3333333333333335
D09360,11,343.53000000000003,3.0
D01397,13,343.51,3.8
D03163,12,343.44,4.5
D01918,13,343.43,2.5
D02852,12,343.43,3.4
D08262,11,343.42,3.3333333333333335
D08549,10,343.30999999999995,1.5
D08562,9,343.29999999999995,3.0
D02748,13,343.24,1.0
D09599,9,343.19,3.3333333333333335
D03437,12,343.15,3.0
D07970,10,343.11,4.5
D02931,10,343.07,3.5
D05064,10,342.92999999999995,4.0
D03612,7,342.91999999999996,2.5
D02762,10,342.90999999999997,4.5
D04968,12,342.85,4.0
D08559,12,342.84,3.8
D02894,14,342.82,3.3333333333333335
D00108,11,342.82,3.0
D08080,14,342.81,4.75
D05106,13,342.71000000000004,2.8
D01718,15,342.70000000000005,3.0
D03401,12,342.66999999999996,2.5
D02459,13,342.65000000000003,2.5
D01680,12,342.53,1.0
D06428,12,342.49,2.5
D03205,12,342.36,3.8
D04067,10,342.34000000000003,2.5
D00510,12,342.3,3.75
D00873,11,342.12,3.3333333333333335
D09443,10,342.09000000000003,3.0
D06475,10,342.03000000000003,2.0
D06935,10,341.98,2.5
D01234,14,341.97,3.5
D05191,8,341.96000000000004,2.5
D07097,11,341.92999999999995,3.4
D07664,12,341.87,5.0
D01351,11,341.83000000000004,2.0
D01967,10,341.83,3.6666666666666665
D08719,11,341.8,2.5
D08149,10,341.67,3.6666666666666665
D04397,11,341.63,3.5
D04474,12,341.6,2.8
D00236,8,341.57,3.6666666666666665
D05969,11,341.49000000000007,2.5
D00163,11,341.45000000000005,1.75
D06492,15,341.45,2.875
D01059,12,341.43999999999994,2.8
D06754,12,341.40999999999997,3.2
D05748,13,341.38,2.8333333333333335
D09528,12,341.3,2.6666666666666665
D01615,14,341.25,4.333333333333333
D01097,10,341.22,2.75
D05010,13,341.18,2.5
D08127,13,341.17999999999995,3.8
D08021,9,341.17,
D02626,12,341.03999999999996,3.3333333333333335
D08419,8,341.0,3.0
D09534,12,340.92,2.8333333333333335
D03792,9,340.90999999999997,3.25
D08810,14,340.89,2.75
D06361,13,340.87,2.6666666666666665
D09739,13,340.86,3.5
D03690,9,340.84000000000003,2.8333333333333335
D05222,10,340.81,3.5
D05730,12,340.78000000000003,3.0
D02991,14,340.77,3.2
D05066,10,340.74,2.6666666666666665
D08901,9,340.72,3.1666666666666665
D05367,8,340.71999999999997,3.6666666666666665
D06756,9,340.68,4.0
D02744,11,340.63,3.3333333333333335
D08924,12,340.59999999999997,3.0
D04513,13,340.56,3.0
D08454,12,340.51,3.0
D08972,12,340.5,2.4
D02228,13,340.48,2.6666666666666665
D08612,12,340.47,4.0
D01668,13,340.41,2.2
D05165,11,340.36,2.5
D01470,10,340.32,3.75
D03247,12,340.28,3.6666666666666665
D04732,13,340.2,2.3333333333333335
D02551,12,340.15,4.0
D09585,14,340.14,3.1666666666666665
D07008,10,340.14,5.0
D02719,10,340.11,3.25
D09934,11,340.11,2.75
D06663,8,340.09000000000003,3.0
D05867,14,340.0,3.75
D06894,12,339.98,2.6666666666666665
D03620,15,339.96999999999997,4.0
D02791,11,339.93999999999994,2.6666666666666665
D01381,14,339.89,2.25
D00992,11,339.88000000000005,2.0
D08046,12,339.85999999999996,3.4
D03032,10,339.82000000000005,1.5
D08996,11,339.82000000000005,1.5
D09620,11,339.75,2.5
D02323,10,339.71999999999997,3.6666666666666665
D06331,11,339.69,2.2
D02445,10,339.63,2.0
D08452,11,339.62,3.25
D03993,11,339.59999999999997,2.6666666666666665
D09630,12,339.54,3.75
D06604,9,339.51000000000005,2.2
D03138,12,339.51000000000005,3.3333333333333335
D07557,11,339.5,3.3333333333333335
D01785,12,339.45,2.75
D09683,9,339.43,3.0
D06328,15,339.40000000000003,3.6
D09954,11,339.4,5.0
D08334,10,339.30999999999995,3.0
D06742,15,339.29,3.6666666666666665
D04695,9,339.28999999999996,3.8
D04399,8,339.22,2.2
D06917,12,339.14,3.4
D07170,12,339.11,3.0
D00643,11,339.08,4.0
D08493,15,339.04999999999995,4.333333333333333
D08572,11,339.03999999999996,3.2
D08811,11,338.90999999999997,4.0
D05017,11,338.83,1.5
D02620,11,338.82,2.75
D05964,10,338.74,3.3333333333333335
D04384,9,338.73,1.5
D06096,15,338.72,3.5
D01091,14,338.69,3.5
D09841,8,338.68,4.5
D00016,15,338.65,2.6666666666666665
D08162,12,338.65,2.25
D05487,15,338.59000000000003,2.875
D07400,12,338.43,2.5
D05250,8,338.4,3.25
D07792,12,338.37000000000006,4.0
D07410,12,338.31999999999994,1.0
D04130,15,338.3,1.0
D04441,11,338.29999999999995,2.3333333333333335
D06406,13,338.2900000000001,1.5
D00781,10,338.28000000000003,1.0
D04686,11,338.27,2.5
D01126,15,338.25,3.75
D04052,14,338.12,4.166666666666667
D06144,12,338.06999999999994,3.5
D05220,11,338.03999999999996,3.5
D06640,9,337.99,1.6666666666666667
D02708,13,337.97,3.111111111111111
D03784,13,337.96999999999997,1.5
D03488,11,337.92999999999995,4.0
D06686,13,337.87,3.5
D07962,12,337.86,2.125
D03910,9,337.78999999999996,3.6666666666666665
D06392,11,337.76000000000005,3.2857142857142856
D06563,12,337.75,3.0
D03024,12,337.74,4.6
D02078,13,337.70000000000005,2.0
D00309,11,337.63,2.5
D01187,11,337.48,3.8
D00462,17,337.44000000000005,1.4
D01235,10,337.42,1.5
D03964,14,337.35,3.25
D09230,9,337.35,3.3333333333333335
D09933,13,337.35,4.8
D02042,13,337.34,2.25
D07356,13,337.31,1.75
D01479,11,337.24,3.5
D07511,15,337.2,3.6666666666666665
D02291,11,337.12,1.6
D00948,11,337.11,2.0
D01940,12,337.11,3.0
D08638,12,337.1,2.5
D06825,8,336.9599999999999,3.3333333333333335
D05589,11,336.91999999999996,3.0
D09006,16,336.90999999999997,2.857142857142857
D09308,16,336.84,1.0
D07862,13,336.77000000000004,3.0
D01633,12,336.77,2.6666666666666665
D09591,14,336.75,2.8333333333333335
D09153,11,336.66999999999996,2.0
D02317,9,336.64,2.0
D05835,11,336.64,2.6666666666666665
D09342,10,336.61,3.5714285714285716
D08479,10,336.58000000000004,4.25
D04372,11,336.51,2.25
D00196,9,336.49,3.0
D01024,11,336.46999999999997,2.6666666666666665
D03389,10,336.45000000000005,3.5
D04343,9,336.3,3.0
D09174,8,336.29999999999995,1.0
D06931,14,336.28999999999996,3.0
D07294,10,336.28,4.0
D07682,14,336.23,3.3333333333333335
D06482,17,336.21000000000004,3.6666666666666665
D03391,11,336.21000000000004,2.0
D04723,12,336.2,3.0
D07070,14,336.19000000000005,2.6666666666666665
D05256,11,336.13,1.0
D05977,12,336.1,5.0
D07750,11,336.08000000000004,3.0
D05303,10,336.08,1.5
D08504,11,336.08,3.25
D04053,10,336.07,1.8
D05745,11,336.07,3.0
D06013,12,336.04,3.0
D02706,11,336.01,3.3333333333333335
D09112,15,336.0,2.4
D06902,11,335.91999999999996,2.4
D05380,11,335.89,3.0
D01452,11,335.85,2.3333333333333335
D05582,14,335.81,1.8
D00687,12,335.79,3.0
D09503,11,335.73999999999995,3.2
D05825,8,335.73999999999995,4.5
D01957,12,335.65999999999997,3.2
D08483,11,335.65000000000003,3.0
D04641,13,335.59,2.6
D03595,11,335.52,3.0
D08312,13,335.49,3.0
D06129,11,335.42,4.0
D04023,15,335.4,3.1666666666666665
D01782,10,335.38,3.75
D00174,12,335.36,3.3333333333333335
D08836,12,335.34000000000003,2.4
D04470,13,335.23,3.25
D08578,10,335.21,3.5
D05733,12,335.20000000000005,3.0
D07522,12,335.15999999999997,4.0
D09045,11,335.15000000000003,2.5
D05498,12,335.15,3.0
D02454,10,335.1,3.3333333333333335
D02494,8,335.08000000000004,1.6666666666666667
D04907,10,334.98,4.333333333333333
D07309,11,334.93,4.5
D03287,11,334.93,2.4
D03528,15,334.9,2.6
D09435,11,334.85,2.8
D01094,10,334.81,2.3333333333333335
D05078,14,334.78,2.2
D00871,10,334.77,2.0
D01202,12,334.75000000000006,3.5
D08257,12,334.73,3.0
D07144,12,334.72,3.0
D05832,12,334.70000000000005,2.3333333333333335
D07463,11,334.68000000000006,3.4
D05869,12,334.6,4.0
D06862,13,334.6,4.0
D05316,11,334.58,3.0
D00969,12,334.57,3.8333333333333335
D08637,12,334.54999999999995,2.0
D09931,12,334.52,3.3333333333333335
D05802,12,334.52,2.3333333333333335
D07067,12,334.49,3.4
D02261,11,334.45,3.0
D01444,9,334.42,3.0
D04353,13,334.42,2.75
D08477,10,334.41999999999996,2.5
D08587,10,334.40000000000003,3.4
D00778,11,334.4,3.5
D08146,10,334.39,4.5
D02754,12,334.38,3.2
D07085,12,334.34000000000003,4.0
D02269,9,334.32,4.0
D09697,12,334.30999999999995,3.75
D01949,15,334.29999999999995,2.5
D08209,12,334.28999999999996,3.5
D06225,14,334.27000000000004,3.2
D08845,8,334.27,3.0
D00985,12,334.24,3.0
D08315,12,334.22999999999996,1.75
D04878,11,334.22999999999996,5.0
D03533,10,334.21000000000004,2.75
D09074,11,334.15000000000003,2.0
D09429,11,334.13,3.3333333333333335
D06999,12,333.99,3.6666666666666665
D02826,11,333.98,1.5
D07320,10,333.97,3.25
D04114,11,333.96,4.5
D02424,12,333.95000000000005,4.0
D08103,11,333.92999999999995,3.2
D00226,12,333.91,3.75
D09569,10,333.90000000000003,3.3333333333333335
D05278,13,333.89,2.0
D04003,9,333.8500000000001,3.0
D06619,13,333.85,3.6
D02438,11,333.84,3.3333333333333335
D01519,11,333.83,3.5714285714285716
D03857,9,333.80999999999995,3.1666666666666665
D05000,11,333.77,3.0
D00480,10,333.77,3.6666666666666665
D04941,10,333.7,3.0
D05713,11,333.61,1.75
D06976,10,333.59999999999997,5.0
D04715,8,333.59000000000003,2.0
D02209,8,333.57000000000005,4.5
D07547,10,333.57,1.3333333333333333
D09448,12,333.56,2.5
D08707,13,333.42,2.2
D08529,12,333.41999999999996,3.25
D08232,11,333.40999999999997,2.6
D09142,12,333.4,2.8
D05042,13,333.36,3.3333333333333335
D02863,9,333.32,3.0
D07110,12,333.21000000000004,4.0
D08104,14,333.21,4.0
D04476,13,333.20000000000005,3.5
D02800,12,333.14,3.75
D07093,13,333.1,2.0
D04242,13,333.1,3.0
D02514,11,333.02000000000004,2.4
D07657,14,333.01,3.0
D04190,10,332.99,2.0
D06839,9,332.99,1.0
D08659,11,332.98,2.5
D07651,15,332.96,3.8333333333333335
D08641,10,332.85,3.0
D09685,13,332.82,3.3333333333333335
D00934,12,332.81000000000006,3.6666666666666665
D02171,15,332.76,2.3333333333333335
D05911,12,332.74,1.0
D01248,12,332.74,2.6
D01803,9,332.66,3.1666666666666665
D04459,12,332.65999999999997,2.0
D01104,14,332.59999999999997,3.3333333333333335
D03587,9,332.58000000000004,3.25
D08953,12,332.56,2.5
D01809,12,332.55999999999995,3.25
D07575,9,332.5,1.6666666666666667
D07276,12,332.42999999999995,3.3333333333333335
D07197,12,332.4,3.0
D06890,11,332.38,2.0
D06979,13,332.38,3.0
D00279,8,332.34000000000003,3.0
D09058,11,332.34000000000003,1.3333333333333333
D09227,11,332.23999999999995,3.5
D02668,9,332.17,2.5
D01079,11,332.16999999999996,2.0
D03540,12,332.14000000000004,4.166666666666667
D04139,11,332.07,2.4
D00048,13,332.06999999999994,3.5
D02603,12,332.05000000000007,3.5
D03236,10,332.03000000000003,3.5
D01721,14,332.02,2.0
D02489,12,331.98,4.0
D04799,12,331.92999999999995,3.0
D02946,9,331.91,4.5
D00785,9,331.86,3.25
D05393,10,331.86,3.3333333333333335
D02566,13,331.84000000000003,3.0
D01534,11,331.83000000000004,3.0
D08370,12,331.81,3.3333333333333335
D02825,9,331.8,3.6666666666666665
D06431,12,331.78,2.4
D06450,11,331.76000000000005,4.333333333333333
D02306,10,331.76,2.75
D08945,9,331.76,3.0
D01276,11,331.69,2.5
D03865,13,331.69,
D02294,12,331.65999999999997,1.6666666666666667
D08082,12,331.63,2.8
D04409,9,331.58,3.2
D00556,9,331.55000000000007,3.0
D03105,14,331.47999999999996,3.6666666666666665
D07112,9,331.46000000000004,3.2
D09493,12,331.46,2.6
D06187,11,331.4,3.75
D09680,9,331.4,4.0
D09450,10,331.33000000000004,2.6666666666666665
D00250,14,331.32000000000005,3.0
D02418,11,331.26,3.2
D09555,13,331.25,2.4
D03711,14,331.24,2.75
D03864,12,331.2,2.6666666666666665
D02893,12,331.18000000000006,4.333333333333333
D04468,12,331.13,4.0
D07196,12,331.1,2.0
D08675,11,331.09,3.0
D05546,11,331.09,4.0
D08395,12,331.01000000000005,4.0
D03404,9,330.99,3.25
D05023,11,330.92,3.25
D00038,9,330.90999999999997,3.8
D06697,15,330.9,2.6666666666666665
D06982,11,330.84,3.25
D07510,8,330.79999999999995,3.3333333333333335
D06231,10,330.76,3.0
D07538,11,330.66999999999996,3.3333333333333335
D07218,13,330.59000000000003,2.2
D09745,15,330.41,3.25
D04265,10,330.27,2.5
D00355,14,330.15,3.0
D01814,12,330.15,3.5
D01516,13,330.11,1.0
D01090,14,330.09000000000003,1.0
D03565,11,330.06000000000006,2.75
D09222,11,330.03000000000003,3.0
D08530,8,330.01,3.3333333333333335
D03874,16,330.0,3.6666666666666665
D09915,13,329.99,4.0
D07394,11,329.96000000000004,3.0
D08372,11,329.96,4.0
D04956,11,329.9599999999999,3.8
D03477,11,329.92,3.0
D05392,12,329.89000000000004,3.6
D00192,7,329.87,3.0
D03541,13,329.86,3.3333333333333335
D04595,10,329.83,4.5
D00535,11,329.80999999999995,2.0
D09353,14,329.72,2.2
D05694,12,329.72,3.3333333333333335
D04559,12,329.69,2.3333333333333335
D09025,11,329.68,2.8333333333333335
D08036,12,329.67999999999995,3.6666666666666665
D08563,13,329.66999999999996,3.25
D00184,12,329.64,2.0
D08197,8,329.64,4.333333333333333
D03923,10,329.61,5.0
D07103,12,329.59,3.0
D07336,15,329.57,3.5
D07387,9,329.53999999999996,2.5
D07743,10,329.52000000000004,2.3333333333333335
D01898,14,329.39,3.5
D06065,9,329.39,3.2
D02186,13,329.37,3.0
D07913,10,329.3,3.5
D08258,11,329.25,3.4
D00124,11,329.24,5.0
D01777,14,329.18,2.3333333333333335
D08107,11,329.14,2.8
D04086,8,329.14,3.0
D07761,10,329.13,2.25
D06113,10,329.09999999999997,1.0
D07216,13,329.04999999999995,2.75
D09405,10,329.02,3.75
D08001,12,328.98999999999995,3.3333333333333335
D08338,14,328.89000000000004,3.25
D05901,10,328.87000000000006,2.4
D09300,12,328.84000000000003,2.3333333333333335
D01030,10,328.77,2.0
D03866,11,328.73,2.0
D07600,11,328.72,1.3333333333333333
D07571,10,328.67,3.5
D07361,12,328.67,2.5
D05207,10,328.64,2.3333333333333335
D04511,11,328.64,2.75
D08273,12,328.6,1.75
D08892,10,328.59000000000003,2.25
D04988,11,328.5899999999999,3.3333333333333335
D06034,13,328.53999999999996,4.333333333333333
D07160,10,328.47,3.0
D03746,11,328.44000000000005,3.0
D02380,13,328.39,3.0
D00664,13,328.38,2.0
D04458,10,328.37,3.0
D02777,11,328.3399999999999,1.6666666666666667
D01771,13,328.19,3.25
D05905,9,328.17999999999995,2.0
D05173,11,328.11,2.75
D00106,12,328.09000000000003,2.6666666666666665
D02164,11,328.08,2.5
D05141,10,328.05000000000007,4.25
D07565,13,328.02,2.3333333333333335
D03745,13,327.98,2.8333333333333335
D02811,13,327.97,3.0
D08595,11,327.96000000000004,3.0
D09939,10,327.86999999999995,2.8
D02556,11,327.86,1.6666666666666667
D02214,11,327.83000000000004,3.6666666666666665
D01851,15,327.81,2.8
D09170,9,327.8,4.0
D07465,11,327.78,5.0
D09245,12,327.69,3.3333333333333335
D04346,12,327.64,2.3333333333333335
D08663,12,327.64,2.25
D02408,14,327.57,3.4
D01946,13,327.53999999999996,3.0
D03995,12,327.52,2.6666666666666665
D02888,10,327.51,3.0
D02640,16,327.51,3.5
D00056,9,327.44,2.5
D00428,13,327.38,3.6666666666666665
D01960,11,327.38,3.0
D07660,13,327.34000000000003,2.6
D07920,8,327.27,1.5
D07171,10,327.26,2.6666666666666665
D04658,15,327.24,4.0
D03945,10,327.21,3.5
D08570,12,327.20000000000005,2.5
D07534,9,327.18000000000006,2.6666666666666665
D00021,11,327.14,3.3333333333333335
D01389,12,327.09000000000003,3.6666666666666665
D08438,12,327.02000000000004,3.0
D04692,10,327.01,3.0
D00645,11,326.96,2.857142857142857
D05585,13,326.78000000000003,2.0
D03838,11,326.73,3.4
D02658,12,326.70000000000005,1.8
D00823,12,326.7,4.333333333333333
D05581,10,326.64,3.2
D04555,13,326.62,2.5
D09672,14,326.62,2.8
D08952,11,326.60999999999996,2.5
D02305,12,326.53999999999996,1.6666666666666667
D02140,12,326.49,3.5
D07315,14,326.45000000000005,2.5
D08243,9,326.27,2.8333333333333335
D04566,13,326.24,4.0
D01347,12,326.23,4.0
D05937,13,326.22,2.6666666666666665
D01476,11,326.15999999999997,3.0
D00512,11,326.14,3.3333333333333335
D03953,9,326.13,2.25
D03097,10,326.12,3.0
D09524,11,326.03999999999996,2.25
D06479,11,326.03,3.0
D06311,12,326.0,3.0
D01904,14,325.97,3.6666666666666665
D05047,12,325.95000000000005,3.6
D07785,13,325.92,3.0
D02108,11,325.89,2.375
D05629,12,325.87,3.4
D04554,10,325.87,3.75
D03489,10,325.85,3.0
D04534,12,325.78999999999996,3.5
D02820,9,325.77,3.2
D00847,11,325.73,2.25
D00609,9,325.66,2.6
D00625,14,325.63,2.5
D00345,16,325.63,3.6666666666666665
D06843,12,325.59000000000003,2.5
D00885,14,325.53999999999996,4.0
D05913,9,325.46000000000004,4.666666666666667
D01865,11,325.45,2.0
D05933,11,325.43999999999994,3.6
D04610,12,325.38999999999993,5.0
D02660,10,325.38,
D04249,11,325.31999999999994,3.6666666666666665
D05012,12,325.28999999999996,3.2857142857142856
D00864,11,325.23,2.5
D02417,11,325.18,3.25
D02933,12,325.13,3.0
D05161,15,325.13,3.0
D05232,10,325.1,3.0
D08353,11,325.09999999999997,3.5
D09016,10,325.09,1.75
D06812,13,325.08,2.75
D02287,12,325.03999999999996,2.5
D09095,10,325.03,3.0
D09631,11,325.01,3.0
D06007,11,325.0,4.25
D09040,15,324.97,4.6
D05056,11,324.97,1.3333333333333333
D07120,9,324.97,3.0
D00057,7,324.92,3.0
D02961,11,324.91999999999996,3.0
D08539,13,324.89,2.5
D06400,14,324.85,2.5
D08902,10,324.84999999999997,3.3333333333333335
D06460,9,324.74,2.75
D06217,13,324.72,3.0
D06268,12,324.68,2.25
D05003,9,324.67,2.5
D02219,8,324.66999999999996,1.5
D05673,12,324.64000000000004,4.5
D02487,10,324.63,3.0
D00619,13,324.59000000000003,2.7142857142857144
D09228,14,324.56,2.0
D01860,10,324.56,1.6666666666666667
D09254,9,324.55,3.3333333333333335
D04382,13,324.49,4.0
D06937,12,324.46999999999997,3.0
D04827,8,324.41,3.6666666666666665
D06898,8,324.40999999999997,
D00185,9,324.26,2.5
D08297,14,324.19999999999993,3.0
D03737,11,324.18,3.6666666666666665
D01947,12,324.13,4.333333333333333
D03331,12,324.09999999999997,5.0
D04572,9,324.09000000000003,4.0
D06681,10,324.06000000000006,4.0
D07305,9,324.03,3.0
D03802,11,324.0,2.25
D01343,15,323.99,3.2
D06777,10,323.99,3.75
D02083,10,323.97,2.5714285714285716
D03330,11,323.96000000000004,3.25
D01772,11,323.85,2.3333333333333335
D02987,12,323.78999999999996,2.6666666666666665
D03010,8,323.78999999999996,
D07727,12,323.75,2.8333333333333335
D06755,16,323.71999999999997,3.0
D04656,12,323.71000000000004,2.6666666666666665
D02432,10,323.7,3.25
D09858,10,323.7,2.0
D02906,10,323.68,4.2
D04363,11,323.65999999999997,3.3333333333333335
D07219,12,323.56,3.0
D04300,10,323.54,3.25
D00330,9,323.53,4.0
D05994,8,323.52000000000004,2.5
D08616,11,323.47,3.0
D09271,16,323.44,2.8
D00810,13,323.44,3.142857142857143
D01153,10,323.43,2.4
D08955,15,323.43,2.142857142857143
D09457,13,323.40999999999997,2.6666666666666665
D03425,11,323.38,3.3333333333333335
D07919,13,323.34,2.5
D02794,10,323.32,3.3333333333333335
D09164,10,323.32,1.0
D01973,11,323.31,3.0
D06315,11,323.31,3.25
D08961,12,323.31,2.0
D02522,10,323.28999999999996,3.4
D02916,14,323.25,3.25
D03070,9,323.22,4.25
D02807,9,323.20000000000005,2.8
D05976,12,323.17999999999995,2.3333333333333335
D03615,9,323.15999999999997,3.0
D00200,11,323.14,5.0
D01953,12,323.13,2.5714285714285716
D02026,11,323.12,2.0
D07907,7,323.07,5.0
D03028,10,323.06,2.75
D01538,8,323.05,2.0
D02213,14,323.02,3.75
D06854,12,323.02,3.6
D09882,12,322.99,2.0
D04289,13,322.98999999999995,3.8
D07062,12,322.97,2.0
D05097,12,322.95,2.25
D00868,9,322.93,1.5
D08711,9,322.89,2.5
D08834,13,322.85,3.0
D09379,10,322.78,3.75
D03192,9,322.78,4.2
D01490,10,322.76,3.0
D02218,18,322.75,2.0
D06263,12,322.65,2.75
D03503,13,322.65,2.75
D05280,12,322.59,3.0
D08207,12,322.55,3.0
D09565,8,322.54999999999995,5.0
D08196,15,322.54,1.8
D01986,15,322.51,2.2
D01142,10,322.5,3.3333333333333335
D03766,12,322.47,3.0
D04860,9,322.45000000000005,
D01881,10,322.41999999999996,2.75
D04785,15,322.40999999999997,2.857142857142857
D02510,10,322.40000000000003,3.5
D07034,14,322.37000000000006,3.3333333333333335
D03419,11,322.37,2.6666666666666665
D05107,10,322.33000000000004,2.8
D06580,11,322.25000000000006,3.3333333333333335
D06723,10,322.21999999999997,3.0
D05040,11,322.2,3.6666666666666665
D06166,11,322.18,3.4
D02163,11,322.03,1.6666666666666667
D08451,9,322.02,3.0
D02850,10,321.94,3.2
D09481,12,321.92,3.6
D00333,11,321.91999999999996,4.5
D05255,11,321.90000000000003,3.0
D01111,11,321.9,2.3333333333333335
D04714,12,321.89000000000004,3.3333333333333335
D04335,13,321.89,3.0
D02309,10,321.89,2.3333333333333335
D05974,11,321.74999999999994,3.0
D02090,12,321.74,3.75
D03490,11,321.56,2.6
D06577,8,321.47,3.0
D03883,9,321.47,1.5
D00690,11,321.47,2.0
D09355,9,321.45,1.5
D01583,13,321.43,3.75
D04032,13,321.41999999999996,2.8333333333333335
D08166,10,321.39000000000004,2.3333333333333335
D05070,10,321.39,2.5
D05375,10,321.38000000000005,2.0
D04337,10,321.35,
D02914,14,321.31,5.0
D09700,10,321.27,3.25
D02079,11,321.24,2.75
D04624,8,321.23,3.6666666666666665
D06655,12,321.21000000000004,3.0
D02094,10,321.18,2.3333333333333335
D02877,14,321.17,4.0
D07184,10,321.14,4.333333333333333
D03285,15,321.1,3.3333333333333335
D02066,11,321.05,3.25
D08597,10,321.01,2.6
D06751,11,320.98,3.0
D02760,13,320.97,4.0
D01366,8,320.93,4.5
D08742,10,320.93,3.0
D08433,14,320.90999999999997,2.0
D03930,8,320.87999999999994,1.5
D06288,13,320.87,3.3333333333333335
D08815,9,320.87,2.8
D07684,9,320.87,3.0
D00583,10,320.85,3.3333333333333335
D03889,10,320.83,3.3333333333333335
D03654,10,320.73,3.2
D07039,9,320.71000000000004,3.0
D06550,10,320.67,4.0
D04220,10,320.67,3.6666666666666665
D02434,10,320.66999999999996,2.6666666666666665
D09059,12,320.61,3.0
D09550,12,320.58,3.25
D02474,9,320.50000000000006,2.5
D07584,11,320.49,2.875
D01630,13,320.47,3.5
D01831,10,320.43,2.8
D05019,11,320.4200000000001,4.333333333333333
D08706,10,320.4,3.25
D08876,11,320.39,3.25
D05052,12,320.39,4.0
D05479,8,320.36,2.3333333333333335
D02702,13,320.32,2.75
D07532,10,320.26,2.5
D02990,14,320.25,4.333333333333333
D07044,8,320.22,3.6666666666666665
D07051,9,320.21000000000004,3.0
D09286,11,320.17,3.0
D06659,14,320.15000000000003,2.0
D09161,13,320.11,3.142857142857143
D03760,8,320.1,2.0
D00679,7,320.04,1.0
D08610,13,319.98999999999995,3.25
D00469,11,319.93,3.75
D01165,10,319.87,3.0
D01089,13,319.74,1.6666666666666667
D06667,13,319.73,2.25
D02938,10,319.71999999999997,3.5
D08501,12,319.71,2.7142857142857144
D04783,9,319.62,3.0
D08427,10,319.61,4.5
D01674,10,319.57000000000005,3.6666666666666665
D02838,15,319.47,2.0
D06165,10,319.42,2.25
D03446,13,319.40000000000003,4.166666666666667
D06820,12,319.38,1.5
D06309,12,319.38,4.0
D04444,11,319.36,1.5
D08318,10,319.36,3.6666666666666665
D05478,8,319.36,3.3333333333333335
D02978,10,319.34000000000003,4.25
D07444,12,319.30999999999995,3.1666666666666665
D04326,11,319.24,2.3333333333333335
D09124,11,319.24,2.0
D00584,8,319.18,3.6
D03194,10,319.13,2.4285714285714284
D02043,12,319.12,2.25
D05507,12,319.05,2.6
D02259,10,319.04999999999995,3.75
D07712,15,319.01,3.1666666666666665
D09742,12,318.95,3.5
D09790,14,318.88,3.3333333333333335
D06958,12,318.88,3.4285714285714284
D05351,7,318.84999999999997,
D07043,11,318.80999999999995,1.3333333333333333
D05880,8,318.77,3.0
D09209,8,318.76,3.0
D02047,12,318.74,2.0
D01714,8,318.74,1.0
D07147,12,318.72,2.5
D03276,10,318.68,2.8
D05029,11,318.66999999999996,4.0
D08715,9,318.66999999999996,2.5
D09031,10,318.65,3.75
D00103,12,318.58000000000004,2.7142857142857144
D03796,11,318.5799999999999,3.0
D03996,10,318.51000000000005,3.6666666666666665
D02270,10,318.51,3.0
D04118,10,318.51,2.5
D06884,11,318.46999999999997,1.6666666666666667
D01969,10,318.37,4.333333333333333
D09417,13,318.36999999999995,3.3333333333333335
D06184,12,318.35999999999996,3.0
D07912,10,318.35,4.5
D02511,12,318.21999999999997,3.0
D07988,11,318.20000000000005,2.5
D09469,10,318.18,2.6
D06182,14,318.11,3.5
D01179,10,318.07,4.0
D00064,14,318.06,2.0
D06752,12,318.05999999999995,3.0
D09604,11,318.04999999999995,3.2
D02882,8,318.02,5.0
D01976,9,318.01,2.6666666666666665
D03361,12,318.0,2.8333333333333335
D01870,12,317.95000000000005,4.333333333333333
D00119,9,317.91,2.0
D07623,10,317.90999999999997,2.0
D00007,10,317.90000000000003,4.0
D01310,7,317.89,3.5
D02000,12,317.88,4.0
D07812,10,317.88,3.0
D08290,10,317.86,3.75
D03190,10,317.84,2.0
D05302,14,317.82000000000005,3.5
D00362,11,317.76,2.6666666666666665
D09558,13,317.73999999999995,3.6666666666666665
D01048,10,317.71999999999997,3.6666666666666665
D07176,13,317.70000000000005,3.125
D09198,11,317.61999999999995,1.5
D05377,10,317.58,4.333333333333333
D02205,9,317.55,2.8
D04078,12,317.54,3.25
D02320,14,317.51,3.4
D04345,12,317.5,2.0
D09189,10,317.47,3.3333333333333335
D01830,11,317.4500000000001,2.6666666666666665
D09654,11,317.4,4.0
D01373,11,317.33000000000004,2.75
D07047,14,317.28,3.3333333333333335
D05993,12,317.25,3.3333333333333335
D08169,9,317.2,3.5
D04769,12,317.16999999999996,3.0
D07642,9,317.16,1.0
D07996,12,317.16,3.142857142857143
D01266,11,317.13,2.6666666666666665
D01811,11,317.13,3.3333333333333335
D02795,12,317.07000000000005,4.0
D09760,8,317.04,2.0
D03120,8,316.95,3.0
D01472,14,316.9200000000001,2.6666666666666665
D01196,12,316.90999999999997,3.25
D00335,12,316.90999999999997,1.3333333333333333
D09414,10,316.89000000000004,3.5714285714285716
D06306,10,316.85,3.0
D06848,11,316.84999999999997,2.0
D00261,8,316.84,3.8333333333333335
D01514,9,316.78000000000003,3.6
D02348,11,316.76,4.0
D04435,9,316.64,2.75
D07239,9,316.64,2.0
D04302,11,316.61,2.3333333333333335
D05432,12,316.59,3.0
D05087,10,316.56000000000006,3.2
D05493,10,316.54,4.0
D01485,12,316.53999999999996,2.0
D00817,10,316.53,2.6666666666666665
D09782,9,316.52,4.0
D01914,11,316.43999999999994,2.5
D08476,12,316.43,3.0
D05915,11,316.37,3.2
D05329,8,316.32,4.666666666666667
D01489,10,316.26,3.4
D09416,12,316.25,3.6
D09537,10,316.23,2.5
D08224,9,316.23,3.75
D07752,14,316.16,1.75
D00615,11,316.15999999999997,3.0
D00750,12,316.15,3.6
D09150,10,316.12,4.5
D00528,12,316.07000000000005,2.2
D09128,10,315.96999999999997,2.8
D04916,9,315.92,2.5
D08378,11,315.92,3.75
D03410,8,315.83,2.3333333333333335
D02280,9,315.82000000000005,3.3333333333333335
D05164,15,315.8,3.0
D09157,8,315.64,3.0
D05404,10,315.61,2.0
D01962,8,315.56,3.0
D02359,10,315.52,2.5
D07813,10,315.47,2.3333333333333335
D03868,11,315.46,3.5
D04244,11,315.44,3.0
D05736,10,315.43,5.0
D00383,10,315.39,3.3333333333333335
D01983,10,315.37,2.0
D03460,10,315.32,4.5
D01415,12,315.31,4.0
D01920,10,315.30999999999995,3.25
D08026,10,315.22,2.6666666666666665
D07349,9,315.2,4.0
D00811,9,315.1,3.0
D04961,16,315.03,4.333333333333333
D07608,12,314.98,4.5
D03175,12,314.96000000000004,2.0
D06658,10,314.94,2.25
D04104,8,314.93,3.6
D00498,11,314.9,3.25
D08309,12,314.83000000000004,2.5
D05190,8,314.77,3.3333333333333335
D08430,10,314.71,4.0
D08156,11,314.69,3.2
D01638,9,314.62,2.0
D09354,13,314.59000000000003,2.6666666666666665
D00865,11,314.57,3.25
D09740,12,314.55999999999995,3.0
D05706,10,314.53,4.666666666666667
D05082,12,314.51,1.6666666666666667
D08029,14,314.46000000000004,3.25
D09935,9,314.39,4.333333333333333
D00608,12,314.35999999999996,3.0
D00546,9,314.30999999999995,1.6666666666666667
D01459,10,314.29,4.5
D00582,11,314.23,2.5
D02611,11,314.22999999999996,3.2
D04375,8,314.20000000000005,3.5
D06814,11,314.07000000000005,2.0
D04977,12,314.06,3.75
D09624,11,314.04,1.6666666666666667
D02802,12,314.04,3.2
D00076,11,313.97999999999996,3.25
D07191,9,313.94,3.6666666666666665
D08885,13,313.93,3.0
D01050,11,313.93,3.0
D00210,14,313.85999999999996,2.75
D07078,11,313.85,3.0
D04966,11,313.83000000000004,3.5
D03081,16,313.82,3.1666666666666665
D05105,16,313.81,3.75
D06675,9,313.80999999999995,3.3333333333333335
D01894,11,313.77,5.0
D05902,9,313.75,2.0
D01382,11,313.74,1.0
D02462,12,313.74,4.0
D09536,12,313.71999999999997,2.3333333333333335
D01033,10,313.7,4.0
D07106,12,313.68,3.0
D07803,12,313.67,3.75
D08050,11,313.66999999999996,2.8
D01981,10,313.6,2.0
D05444,11,313.59999999999997,3.5
D04179,14,313.59000000000003,2.5
D08412,11,313.57,3.0
D03187,11,313.5,2.75
D06471,14,313.49,1.8
D06830,8,313.48,4.0
D02109,10,313.48,5.0
D06548,10,313.46,2.8
D00620,10,313.44,1.5
D02755,11,313.41,1.6666666666666667
D06319,11,313.39,4.0
D06029,8,313.35,4.0
D02098,9,313.33000000000004,2.0
D04357,11,313.32,3.0
D05704,13,313.23999999999995,3.8333333333333335
D04309,11,313.21999999999997,3.75
D08351,8,313.16999999999996,3.0
D09225,11,313.16,3.0
D02273,10,313.12,4.2
D06637,11,313.1000000000001,2.5
D05950,11,313.09999999999997,2.5
D09315,9,313.09000000000003,3.5
D04176,12,313.03,4.0
D00344,10,313.01,2.5
D04617,10,312.97999999999996,2.2857142857142856
D09502,12,312.94000000000005,2.5
D09830,12,312.9,3.5
D01734,11,312.89,2.5
D05615,12,312.89,4.0
D08145,12,312.86999999999995,2.0
D04726,11,312.86,
D05415,10,312.85,2.25
D01781,11,312.82,2.75
D06660,11,312.74,2.2
D04699,10,312.74,1.5
D00360,9,312.71000000000004,1.6666666666666667
D06062,12,312.67,2.25
D07142,15,312.62,2.8333333333333335
D00295,10,312.61,2.0
D08781,13,312.52,3.25
D01820,11,312.51,3.0
D07001,10,312.49,2.0
D00689,8,312.44,3.3333333333333335
D09375,13,312.39,2.3333333333333335
D08004,15,312.34000000000003,4.0
D03947,14,312.31000000000006,3.6666666666666665
D08864,11,312.24,4.5
D02034,9,312.24,2.5
D01123,8,312.23,3.25
D00151,10,312.23,4.0
D04989,8,312.2,2.6666666666666665
D09263,10,312.08000000000004,2.5
D06367,12,312.07000000000005,2.5
D05723,9,312.06,3.3333333333333335
D00941,11,312.05999999999995,3.2
D09433,10,312.05,5.0
D04322,12,312.05,2.75
D08604,13,312.02,2.8
D01322,11,312.0,2.75
D06149,12,311.99,3.2
D09823,12,311.98,5.0
D00600,10,311.90999999999997,3.4
D00319,10,311.83000000000004,2.3333333333333335
D03842,12,311.83000000000004,2.5714285714285716
D04756,11,311.82,1.6666666666666667
D01586,12,311.81000000000006,3.5
D01350,7,311.81,3.5
D06031,8,311.78000000000003,3.0
D06608,10,311.78,4.0
D07104,12,311.69,3.3333333333333335
D01901,8,311.59000000000003,4.333333333333333
D05858,10,311.49,2.0
D00565,10,311.47,3.5
D06638,8,311.46,4.0
D01978,14,311.43,4.5
D06560,9,311.4,3.0
D03485,14,311.39,3.0
D09768,8,311.38,1.75
D09818,10,311.35,3.6
D00880,9,311.33,3.6666666666666665
D00997,13,311.29,3.3333333333333335
D08722,8,311.27,3.0
D09098,13,311.23,2.5
D00165,13,311.18999999999994,3.5
D01204,9,311.17,4.0
D03246,11,311.16999999999996,3.5
D05100,12,311.15999999999997,2.2
D03942,11,311.15,3.25
D03682,10,311.06,2.25
D04211,11,311.03999999999996,3.0
D08015,8,310.99,4.0
D02797,16,310.93000000000006,3.111111111111111
D06910,11,310.9,3.25
D03000,11,310.89,3.6
D09737,10,310.87,4.0
D01989,12,310.87,3.4
D01278,11,310.84000000000003,2.0
D00592,9,310.83000000000004,3.5
D02019,12,310.83,2.8
D05267,11,310.77,2.3333333333333335
D05996,9,310.75,
D02627,12,310.68,1.6666666666666667
D03713,11,310.68,3.6666666666666665
D00578,13,310.65000000000003,2.5
D05221,14,310.61,4.0
D04196,11,310.6,3.0
D07861,12,310.53,2.8
D03574,9,310.46000000000004,3.6666666666666665
D01616,9,310.44,5.0
D08411,10,310.40000000000003,3.5
D02674,12,310.39000000000004,2.0
D06934,11,310.38,2.6666666666666665
D07386,9,310.34,4.0
D03813,11,310.3,2.6
D07544,13,310.27000000000004,2.3333333333333335
D04632,8,310.26,2.6666666666666665
D04270,10,310.23,2.0
D01933,10,310.22,3.3333333333333335
D04543,10,310.22,4.0
D03147,10,310.20000000000005,3.0
D00559,8,310.18999999999994,3.0
D07340,8,310.17,3.8
D05217,12,310.13,3.0
D00929,9,310.09,2.5
D04561,11,310.09,4.25
D02700,10,310.03000000000003,4.4
D07399,10,310.03,3.25
D07973,9,310.0,2.6
D05693,11,309.95,4.0
D07328,10,309.92,3.3333333333333335
D08201,12,309.78,4.5
D09556,11,309.76,3.3333333333333335
D04531,12,309.74,2.5
D06702,14,309.71999999999997,4.25
D08538,12,309.70000000000005,1.75
D07776,12,309.63,2.0
D05545,12,309.61,2.6666666666666665
D05997,12,309.55000000000007,3.8333333333333335
D04022,7,309.41,2.0
D04499,9,309.37,3.25
D04161,11,309.36,2.6666666666666665
D09756,13,309.31,3.6666666666666665
D08407,11,309.28,3.0
D02263,11,309.26,3.0
D03543,10,309.24,2.8333333333333335
D01206,9,309.22,2.6666666666666665
D05188,13,309.18,3.0
D06059,6,309.18,3.0
D02453,12,309.1600000000001,3.0
D04929,16,309.15999999999997,3.5
D06745,9,309.12,2.6666666666666665
D09717,10,309.08,3.3333333333333335
D00417,10,309.06,3.0
D00856,11,309.03000000000003,3.5
D00209,12,309.03,3.3333333333333335
D04436,9,309.01,2.0
D05805,11,308.97,2.0
D09285,11,308.95000000000005,3.5
D05607,9,308.9,2.6666666666666665
D01486,11,308.81000000000006,3.25
D02669,11,308.76,3.5
D02130,8,308.74,4.5
D00796,8,308.73,3.0
D03834,10,308.72,1.0
D07794,12,308.7,1.8333333333333333
D03929,11,308.65000000000003,3.4285714285714284
D02057,9,308.59000000000003,2.8
D07426,11,308.58000000000004,2.6
D05537,11,308.58,3.25
D08878,12,308.56,2.2
D08254,10,308.53999999999996,3.8
D09117,10,308.48,3.6666666666666665
D07237,12,308.45,3.0
D05289,8,308.43,3.6666666666666665
D03103,10,308.34000000000003,3.0
D02839,11,308.3,2.0
D00570,11,308.3,1.6666666666666667
D08771,11,308.28999999999996,2.8333333333333335
D09888,11,308.28000000000003,3.3333333333333335
D04376,13,308.28,1.75
D03948,9,308.26,3.6666666666666665
D09251,12,308.2,2.5
D02649,9,308.15000000000003,2.0
D09141,10,308.09000000000003,3.5
D03411,16,308.04999999999995,2.3333333333333335
D08696,14,308.02,5.0
D00862,10,308.02,3.0
D03967,8,307.96999999999997,2.4
D08628,12,307.96,4.0
D01837,11,307.94,2.5
D09547,12,307.94,3.5
D05073,8,307.90999999999997,1.0
D05740,11,307.89000000000004,2.0
D05254,7,307.84,4.75
D01189,10,307.77,4.333333333333333
D06339,12,307.77,2.1666666666666665
D04743,9,307.77,3.6666666666666665
D02747,14,307.74,3.6
D08941,9,307.74,3.0
D04577,11,307.70000000000005,2.0
D09895,7,307.68,3.25
D01551,10,307.67,2.75
D00027,9,307.66,2.5
D04648,11,307.65000000000003,4.25
D09865,11,307.65,4.5
D04396,10,307.6,4.25
D00746,10,307.59,4.0
D06654,9,307.57,4.0
D08391,10,307.55999999999995,3.0
D03223,10,307.48,
D05338,13,307.47,1.5
D03383,10,307.42,1.0
D03166,14,307.40999999999997,2.5
D00638,11,307.39,2.5
D05571,10,307.37,3.2
D07017,12,307.36,4.666666666666667
D08135,9,307.33000000000004,3.1666666666666665
D01908,12,307.28999999999996,2.5
D01749,10,307.28000000000003,3.5
D06903,9,307.27,3.3333333333333335
D09343,8,307.21000000000004,3.6666666666666665
D08172,11,307.15999999999997,3.3333333333333335
D01590,9,307.09000000000003,3.5
D06954,9,307.02,3.0
D09836,11,307.02,3.6666666666666665
D07175,11,307.0,2.6666666666666665
D01582,10,306.92,2.5
D09290,11,306.91999999999996,3.25
D00814,11,306.88,3.2857142857142856
D00395,10,306.87999999999994,3.8333333333333335
D08223,11,306.87,2.6666666666666665
D06642,12,306.84000000000003,4.0
D03439,9,306.78,2.3333333333333335
D01543,8,306.77,3.0
D07127,10,306.75000000000006,1.0
D02455,10,306.71999999999997,3.0
D06373,13,306.65999999999997,3.0
D01240,13,306.64000000000004,2.0
D06102,8,306.64,3.25
D08321,13,306.63,2.8
D09641,12,306.56,3.6
D07012,7,306.54,3.0
D04097,11,306.44,1.8
D03347,9,306.40999999999997,3.0
D07379,9,306.39,4.0
D01281,9,306.35999999999996,3.6666666666666665
D09068,13,306.33000000000004,3.4
D00898,11,306.32000000000005,1.0
D02589,9,306.32,3.3333333333333335
D07238,10,306.3,3.0
D07607,10,306.09000000000003,2.8
D01539,11,305.97,2.6
D05048,10,305.96,2.5
D03005,11,305.96,2.0
D09037,11,305.94,2.0
D01913,9,305.86,4.0
D07809,11,305.83000000000004,2.75
D06180,11,305.83,2.0
D09409,9,305.79,2.5
D07471,12,305.72,4.6
D03814,9,305.71999999999997,3.75
D03127,9,305.71000000000004,
D01446,12,305.71,4.166666666666667
D05417,15,305.70000000000005,2.0
D02923,12,305.68,3.0
D09903,10,305.66,4.333333333333333
D02318,10,305.65999999999997,3.0
D06695,8,305.65999999999997,2.3333333333333335
D04049,10,305.65,3.6666666666666665
D03207,12,305.63,3.5
D04221,10,305.59000000000003,1.5
D00089,12,305.56,1.5
D07221,11,305.40000000000003,4.333333333333333
D05315,15,305.4,2.0
D04366,12,305.31,4.25
D04811,10,305.29,2.6666666666666665
D00475,10,305.28,2.2
D06128,10,305.27000000000004,4.5
D01488,12,305.27000000000004,3.3333333333333335
D07478,8,305.26,2.3333333333333335
D03582,10,305.26,5.0
D05718,9,305.25,4.0
D03430,16,305.24,1.5
D09384,9,305.24,2.5
D06124,14,305.24,3.6666666666666665
D08060,10,305.20000000000005,1.6666666666666667
D02597,13,305.15999999999997,2.4
D06156,8,305.15,4.0
D03057,11,305.14,3.0
D06148,10,305.12,2.4
D05793,12,305.09,3.75
D00111,14,305.0899999999999,2.75
D09232,11,305.08,3.6
D02734,10,305.07,1.0
D06509,12,305.05,3.5
D06356,11,305.01,3.8
D06137,6,304.97,2.6666666666666665
D08769,11,304.93,3.6666666666666665
D05347,10,304.9,1.0
D04515,11,304.9,3.0
D07899,12,304.88,2.1666666666666665
D04108,10,304.85,3.5
D00971,11,304.84,2.75
D04058,10,304.83000000000004,2.4
D03852,8,304.81,2.0
D07123,10,304.75,1.0
D00534,12,304.66999999999996,3.0
D02403,8,304.61,1.5
D08726,9,304.56,3.0
D09216,14,304.47,3.25
D08408,13,304.34000000000003,4.166666666666667
D05569,14,304.29999999999995,3.5
D01578,12,304.25,3.2
D01654,9,304.16999999999996,2.0
D07053,8,304.14,2.25
D02486,12,304.12,2.5
D04185,13,304.1,3.0
D06289,12,304.07,3.3333333333333335
D00580,10,304.07,4.8
D00637,10,304.03,3.0
D04126,12,303.97999999999996,
D08986,10,303.96999999999997,3.0
D04546,9,303.92,2.25
D09075,8,303.87,3.0
D04856,11,303.87,3.25
D05285,10,303.83,3.0
D05749,12,303.8,2.25
D02733,15,303.8,2.75
D02148,11,303.76000000000005,2.75
D09063,10,303.74,3.0
D01635,9,303.74,
D07748,9,303.73,2.75
D06412,12,303.69,3.8
D00325,12,303.67,3.0
D00614,12,303.66999999999996,4.0
D01211,9,303.63,
D05292,9,303.63,4.5
D08260,12,303.63,3.0
D00373,12,303.58,3.4
D04724,13,303.56,3.125
D03992,12,303.55,1.75
D00713,9,303.53999999999996,4.666666666666667
D04275,11,303.53000000000003,2.75
D07757,8,303.53000000000003,2.3333333333333335
D05485,11,303.45000000000005,3.3333333333333335
D02103,11,303.41999999999996,2.5
D09778,12,303.41,1.3333333333333333
D03349,9,303.40999999999997,4.0
D01447,9,303.39,3.6666666666666665
D07821,12,303.36,3.0
D09943,11,303.32000000000005,4.0
D06282,11,303.28000000000003,1.4
D04456,9,303.24,2.0
D02925,10,303.21,5.0
D07148,13,303.14,2.0
D02365,9,303.12,3.5
D04734,8,303.11999999999995,2.6666666666666665
D05613,8,303.07,3.3333333333333335
D03526,13,303.06,2.6
D06272,12,303.03000000000003,3.0
D09200,10,303.02000000000004,1.0
D07013,12,302.96,3.0
D09284,14,302.94,3.25
D09813,9,302.93999999999994,3.0
D04991,10,302.91999999999996,3.25
D08432,9,302.86999999999995,2.0
D03317,13,302.86,3.0
D05618,11,302.84,3.75
D00727,12,302.84,2.5
D06508,8,302.82,4.0
D07258,9,302.82,2.0
D03492,8,302.79,2.6666666666666665
D04197,7,302.76,3.0
D07329,12,302.74,2.0
D09770,13,302.72,3.0
D00487,13,302.65,2.75
D07440,12,302.61,2.8
D06595,11,302.58000000000004,3.1666666666666665
D05182,8,302.57,2.5
D00240,7,302.56,3.5
D00876,13,302.5,3.0
D08545,8,302.43,2.75
D03811,8,302.42999999999995,2.6666666666666665
D04140,13,302.37,1.75
D04233,11,302.33,2.0
D02149,11,302.3299999999999,3.5
D00235,11,302.32,3.1666666666666665
D09369,7,302.28000000000003,4.0
D07027,15,302.22999999999996,3.25
D02281,9,302.21999999999997,5.0
D01239,12,302.19,3.6
D07061,11,302.15,3.0
D01169,9,302.13,2.5
D04031,11,302.02,4.333333333333333
D05530,10,302.02,2.5
D04984,10,302.0,3.2857142857142856
D06285,12,301.96000000000004,2.75
D01147,9,301.9,4.0
D06387,10,301.9,3.5
D04963,10,301.89,4.0
D08323,12,301.87,3.25
D01194,9,301.86,1.0
D03584,12,301.84,2.5
D02321,10,301.8,4.0
D06519,11,301.78,2.3333333333333335
D08989,10,301.78,3.4
D09722,10,301.75,4.5
D08517,10,301.73,3.75
D06881,9,301.71999999999997,3.5
D07517,12,301.71999999999997,2.5
D04762,11,301.71,3.5
D06683,11,301.71,3.5
D06077,11,301.63,3.0
D09968,7,301.54,
D07004,11,301.53999999999996,3.857142857142857
D03321,10,301.53,1.0
D05792,13,301.49,3.0
D09297,11,301.49,3.0
D09411,11,301.46999999999997,2.5
D02226,7,301.46000000000004,5.0
D06199,9,301.41,5.0
D04102,10,301.38,3.5
D04087,13,301.28,3.3333333333333335
D06975,11,301.28,3.3333333333333335
D02095,10,301.26,3.5
D01205,10,301.25,2.3333333333333335
D09529,7,301.23,2.0
D02250,9,301.22,3.3333333333333335
D07458,9,301.21999999999997,3.0
D07993,11,301.20000000000005,5.0
D06153,10,301.14000000000004,2.6666666666666665
D01631,10,301.1,4.0
D01496,10,301.09000000000003,4.0
D06738,11,301.08,2.0
D00107,14,301.02,2.1666666666666665
D04473,10,301.01,3.6
D03740,11,300.96,2.0
D03830,9,300.92,4.4
D00515,11,300.91999999999996,3.0
D09393,11,300.88,2.6666666666666665
D05099,12,300.87,1.5
D07355,11,300.84000000000003,3.3333333333333335
D00083,10,300.83000000000004,2.5
D05738,12,300.78000000000003,3.25
D01965,9,300.75,2.6666666666666665
D07833,11,300.74,1.5
D04131,10,300.71000000000004,3.0
D04607,12,300.65999999999997,4.0
D06273,10,300.65000000000003,3.6666666666666665
D03426,9,300.64000000000004,4.0
D04810,9,300.64,3.0
D08666,7,300.6,
D04055,9,300.59000000000003,1.0
D08191,10,300.58,4.0
D05496,9,300.53000000000003,2.3333333333333335
D08629,11,300.53,2.5
D04224,13,300.51,2.0
D04093,12,300.51,2.4
D01841,11,300.48,3.5
D05469,10,300.47,2.6
D02296,10,300.46,4.0
D05441,10,300.37,3.5
D04210,13,300.36,2.875
D04911,11,300.33,2.6666666666666665
D07661,11,300.28000000000003,3.4
D02032,13,300.27,2.8
D03302,12,300.19,3.25
D07076,9,300.17999999999995,3.5
D05627,11,300.11,3.0
D04763,13,300.1,1.6666666666666667
D08465,11,300.07,3.0
D06726,9,300.0,2.6666666666666665
D07385,14,300.0,2.6666666666666665
D08275,6,299.98,4.0
D01455,14,299.95,3.6
D01562,9,299.94,2.0
D09337,12,299.93,3.5
D05849,13,299.90999999999997,2.5
D00369,10,299.90000000000003,3.25
D03359,12,299.90000000000003,3.3333333333333335
D03912,10,299.9,2.6666666666666665
D07173,9,299.84999999999997,2.6666666666666665
D02808,9,299.84,3.6666666666666665
D00496,11,299.82000000000005,3.25
D00994,9,299.81,3.5
D05464,10,299.75,3.5
D01783,13,299.71000000000004,2.8333333333333335
D08231,10,299.67,1.5
D08509,10,299.55,3.0
D02420,9,299.49999999999994,1.0
D08862,7,299.49000000000007,
D02101,10,299.48,4.5
D08555,8,299.46000000000004,4.0
D07487,11,299.45,3.0
D08817,13,299.43,4.5
D06332,12,299.41,3.5
D05474,14,299.4,3.0
D06158,7,299.39,3.0
D05971,11,299.34000000000003,3.8333333333333335
D03854,13,299.32000000000005,3.0
D03632,10,299.31,5.0
D02265,9,299.3,3.25
D08128,12,299.27,1.6666666666666667
D06024,12,299.23,4.0
D02238,12,299.21,3.0
D05246,10,299.11,3.0
D01726,11,299.1,3.6
D02452,9,299.09999999999997,3.5
D02968,13,299.08,1.5
D05655,11,299.05999999999995,2.5
D02654,9,299.05,1.0
D08956,12,299.03,3.0
D01922,10,298.96000000000004,2.25
D01255,8,298.94000000000005,2.5
D04374,10,298.82,2.0
D05961,11,298.78,1.0
D09515,12,298.76,
D04090,8,298.73,4.0
D01968,11,298.72,3.5
D00538,13,298.7,3.6666666666666665
D06012,10,298.7,3.0
D03723,10,298.66999999999996,3.0
D02074,13,298.65,2.5
D09114,9,298.62,2.5
D09440,10,298.58000000000004,4.333333333333333
D05830,11,298.56000000000006,3.5
D08118,10,298.55999999999995,2.8
D05926,11,298.53999999999996,3.75
D05240,12,298.53000000000003,2.25
D02048,10,298.53,4.333333333333333
D00668,13,298.43,5.0
D02298,9,298.38,4.0
D07923,10,298.33,2.75
D04528,12,298.31,2.8
D03219,8,298.23,2.0
D04170,11,298.2099999999999,2.6
D01375,10,298.2,3.0
D00773,10,298.2,3.5
D05391,14,298.16,2.6
D01938,11,298.15,2.3333333333333335
D00541,9,298.12,2.75
D08071,12,298.05,3.75
D02951,10,298.05,3.5
D06926,8,298.00000000000006,3.3333333333333335
D08383,10,297.93,3.3333333333333335
D08593,9,297.90000000000003,
D07513,9,297.84000000000003,2.0
D05312,8,297.83,2.6666666666666665
D09224,14,297.68,2.857142857142857
D03257,11,297.64,3.5
D02303,12,297.6,2.3333333333333335
D01439,12,297.58,3.6
D06736,11,297.57,3.5
D02217,8,297.55999999999995,2.0
D06451,11,297.45,2.2
D04680,10,297.37,2.25
D08181,11,297.26,2.5
D07618,11,297.26,2.75
D06718,13,297.25,3.0
D09645,11,297.2,2.6666666666666665
D08320,10,297.17,4.5
D06985,11,297.16,2.5
D02392,10,297.15,3.6666666666666665
D08097,10,297.09999999999997,5.0
D06909,11,297.09000000000003,3.0
D08226,11,297.06,3.0
D03736,9,297.02,4.333333333333333
D08472,10,296.96000000000004,4.5
D07976,13,296.88,2.3333333333333335
D04663,9,296.84000000000003,4.0
D06817,10,296.83,3.0
D03692,11,296.82,2.3333333333333335
D08847,11,296.81,2.6
D04494,13,296.74,4.0
D04606,9,296.71999999999997,3.25
D09909,12,296.66999999999996,2.0
D06070,13,296.60999999999996,3.1666666666666665
D04243,7,296.6,2.5
D05640,12,296.58,
D09221,10,296.54,3.0
D01219,9,296.53,3.0
D02004,11,296.46,3.6666666666666665
D01237,9,296.44,4.0
D08746,11,296.41999999999996,1.5
D02787,8,296.38,3.0
D00506,12,296.34999999999997,
D08776,12,296.32000000000005,3.6
D08429,9,296.32,2.5
D05231,10,296.32,4.75
D03577,8,296.25,3.25
D08988,11,296.24,2.7142857142857144
D06924,11,296.18,2.75
D00101,10,296.15000000000003,3.0
D02986,11,296.1,1.5
D09704,10,296.07,4.0
D08247,10,296.04,3.7142857142857144
D03708,13,295.96999999999997,2.4285714285714284
D04578,12,295.95000000000005,2.6666666666666665
D04496,8,295.9,2.0
D03220,8,295.89,3.0
D07146,8,295.84000000000003,3.6666666666666665
D04873,9,295.8,5.0
D05346,10,295.78999999999996,2.5
D01323,11,295.76,4.0
D04219,10,295.68,4.0
D09193,12,295.68,3.0
D02161,10,295.65,2.25
D05396,12,295.65,4.0
D07626,8,295.62,3.0
D09803,9,295.61,3.25
D00188,12,295.6,4.0
D05413,10,295.59999999999997,5.0
D05746,8,295.59999999999997,1.5
D00367,8,295.59000000000003,1.5
D08949,11,295.5,1.6666666666666667
D04493,9,295.47999999999996,2.6666666666666665
D03405,10,295.46,2.5
D01185,8,295.39,4.0
D06358,11,295.29,2.5
D04828,11,295.28999999999996,3.2
D08930,12,295.27,3.3333333333333335
D06026,9,295.26,2.0
D05277,7,295.24,3.0
D04700,11,295.24,2.3333333333333335
D03495,10,295.22,3.3333333333333335
D08322,10,295.20000000000005,3.5
D01606,12,295.2,2.0
D01277,15,295.14000000000004,2.8
D00158,8,295.14000000000004,3.0
D07274,8,295.14,3.5
D07029,9,295.1,3.6666666666666665
D00032,10,295.01,1.0
D03691,8,294.99,2.0
D07558,9,294.95,3.25
D03553,12,294.86,3.5
D07346,12,294.83,2.0
D03420,11,294.81,1.75
D02120,12,294.81,2.6
D01042,9,294.8,3.0
D04689,12,294.79999999999995,1.5
D08998,7,294.78999999999996,3.0
D09323,9,294.78999999999996,2.5
D05862,10,294.76,3.5
D08680,9,294.75,2.6666666666666665
D01995,9,294.74,3.0
D09249,10,294.73,4.75
D01664,11,294.64,1.0
D01650,8,294.51,5.0
D07859,8,294.5,4.0
D00232,13,294.48,4.0
D05965,8,294.45000000000005,4.0
D04169,11,294.45,1.5
D04712,9,294.44,2.3333333333333335
D04389,12,294.39,2.75
D08881,10,294.37,3.0
D06209,9,294.36,3.25
D02580,10,294.36,3.0
D08537,9,294.36,3.0
D05878,8,294.30999999999995,2.0
D05225,9,294.26,4.5
D08170,10,294.22999999999996,3.6666666666666665
D01227,7,294.20000000000005,2.6666666666666665
D08024,10,294.2,2.0
D05989,10,294.17,3.5
D02199,13,294.15,3.25
D01679,8,294.13,2.5
D06087,13,294.12,5.0
D09714,14,294.12,2.6666666666666665
D01120,12,294.11,
D07247,9,294.06,4.0
D08150,9,294.06,2.5
D08420,8,294.02000000000004,3.0
D01386,9,293.99,2.25
D03557,8,293.99,4.5
D04510,10,293.84,3.25
D01687,11,293.83,1.5
D09580,8,293.83,4.0
D01371,10,293.8,2.0
D08677,8,293.78999999999996,2.0
D02064,8,293.73,3.3333333333333335
D03730,10,293.72,4.0
D04062,15,293.72,1.0
D01921,9,293.71999999999997,3.5
D09078,8,293.63,3.0
D08403,13,293.61,3.0
D02405,10,293.59999999999997,3.3333333333333335
D02908,9,293.48,3.3333333333333335
D07372,10,293.47,2.0
D02536,9,293.37,2.6666666666666665
D02020,8,293.3,3.3333333333333335
D06127,11,293.29999999999995,3.6666666666666665
D07931,10,293.26,4.5
D04138,12,293.25,1.0
D08242,8,293.24,2.5
D07959,9,293.24,3.6666666666666665
D01628,11,293.2,4.25
D00915,10,293.19,3.2
D00028,11,293.19,3.0
D00893,15,293.13,2.75
D04255,12,293.11,1.0
D04839,13,293.08,
D09981,12,293.05,2.25
D02727,9,293.02,4.5
D03036,11,292.98999999999995,2.5
D02385,9,292.96,3.0
D09316,10,292.94,3.0
D09798,11,292.8299999999999,2.0
D02602,10,292.82,4.0
D01121,11,292.77000000000004,2.0
D05276,11,292.74,4.666666666666667
D08820,9,292.71000000000004,3.0
D01520,10,292.71,2.6666666666666665
D03715,15,292.67,2.6
D00228,9,292.66,3.5
D09084,10,292.64,2.0
D00845,8,292.63,3.5
D00993,10,292.62,4.0
D09514,12,292.61,3.2
D02948,12,292.58,2.25
D07967,8,292.52,1.5
D02878,11,292.49,2.0
D02518,12,292.47,4.0
D03642,10,292.40999999999997,3.0
D04426,12,292.34999999999997,2.0
D06362,8,292.34000000000003,3.0
D08994,13,292.29,1.3333333333333333
D08927,10,292.29,1.5
D09640,8,292.25,3.0
D08603,10,292.24,1.0
D03263,13,292.24,3.75
D05288,9,292.21000000000004,1.0
D07546,10,292.19,3.5
D01773,9,292.16,3.6666666666666665
D09610,10,292.14,2.25
D08398,10,292.12,4.0
D04980,10,292.10999999999996,1.0
D01533,9,292.09999999999997,4.666666666666667
D03396,8,292.09000000000003,4.0
D01932,10,292.07,4.5
D07058,11,292.06,2.75
D05092,8,292.03999999999996,3.5
D00055,9,292.02,
D01027,12,292.01,5.0
D04386,11,292.0,3.5
D03367,13,292.0,2.75
D05886,9,291.98,4.0
D02898,10,291.94,5.0
D08441,10,291.93,2.5
D04693,15,291.85,2.8
D05305,13,291.81,2.2
D05163,8,291.76,3.0
D04379,11,291.74,4.0
D08173,9,291.72,3.5
D05815,12,291.7,2.0
D05985,9,291.65999999999997,4.666666666666667
D09587,12,291.63,1.5
D00840,9,291.61,2.75
D02395,11,291.58,4.0
D05060,9,291.52,3.2
D00481,13,291.5,4.25
D03380,8,291.49,2.75
D01474,11,291.43,3.6666666666666665
D07839,11,291.42,3.2
D06025,9,291.41999999999996,3.5
D05548,8,291.41,4.0
D08833,9,291.39,2.3333333333333335
D09336,10,291.37,3.75
D09936,7,291.33,1.0
D06852,8,291.32,3.0
D08129,10,291.31,2.75
D02215,9,291.3,2.6666666666666665
D07130,11,291.27,2.3333333333333335
D07220,9,291.26,
D04237,9,291.23,4.0
D03193,8,291.23,1.0
D04834,9,291.22999999999996,3.75
D09553,12,291.15999999999997,3.5
D06280,8,291.13,
D07628,10,291.12,4.0
D01420,14,291.1,2.75
D00650,11,291.08000000000004,2.0
D02157,8,291.08,3.0
D07999,10,291.07,3.142857142857143
D06950,11,291.03,4.333333333333333
D02113,11,291.0,1.0
D09479,7,290.98,3.5
D07427,13,290.98,2.5
D05721,9,290.97,2.0
D02190,11,290.96999999999997,3.6666666666666665
D01591,9,290.94,1.25
D05882,9,290.93999999999994,2.0
D02675,11,290.91,2.6666666666666665
D04508,10,290.89,3.0
D03860,11,290.88,3.4
D03954,8,290.84,4.666666666666667
D09314,10,290.76,1.0
D05372,10,290.75,
D04775,11,290.71,3.5
D03590,13,290.63,2.0
D02018,12,290.62,2.857142857142857
D03202,12,290.59999999999997,3.0
D08003,8,290.58000000000004,1.5
D05101,8,290.58,4.0
D08635,11,290.53999999999996,2.3333333333333335
D03432,11,290.53999999999996,3.25
D07421,10,290.53000000000003,2.5
D08189,9,290.51,4.0
D04622,9,290.5,3.0
D05491,10,290.48,2.5
D00923,10,290.37,3.0
D06162,10,290.35,4.0
D06856,11,290.3,3.3333333333333335
D09761,12,290.28,2.6666666666666665
D06990,10,290.27,2.5
D06951,7,290.24,2.0
D03435,11,290.17,2.0
D09062,8,290.15,4.5
D05470,7,290.13,1.0
D02999,13,290.12,2.0
D00270,10,290.11,2.0
D09500,9,290.05,3.5
D09618,7,290.02,1.5
D01109,10,289.93,3.0
D09090,9,289.89,4.25
D06760,11,289.83,3.3333333333333335
D00544,11,289.81,2.0
D08514,7,289.81,2.3333333333333335
D08253,9,289.78,4.0
D03134,9,289.76,1.0
D09138,11,289.73999999999995,3.0
D06605,11,289.73,1.75
D00246,10,289.7,3.0
D09207,10,289.65999999999997,3.6
D09244,9,289.61,3.0
D07313,10,289.58000000000004,2.5
D00499,12,289.58,4.0
D01404,10,289.55,
D01103,10,289.54999999999995,4.0
D04996,9,289.53,2.6666666666666665
D00780,9,289.52000000000004,4.0
D04445,10,289.52,2.3333333333333335
D00244,12,289.5,3.5714285714285716
D08672,10,289.5,4.666666666666667
D08444,10,289.48,3.5
D06295,12,289.46000000000004,2.3333333333333335
D09689,10,289.42,4.0
D09313,10,289.4,3.3333333333333335
D00784,9,289.33,5.0
D01369,9,289.32000000000005,2.6666666666666665
D07683,12,289.29,2.25
D01178,8,289.28999999999996,3.6666666666666665
D02023,10,289.23,2.8333333333333335
D05223,9,289.2,2.8
D04431,9,289.18999999999994,3.25
D00036,13,289.15,3.75
D04209,10,289.08000000000004,2.75
D06803,9,289.07,2.5
D03212,9,289.05,3.0
D06052,11,289.02000000000004,3.0
D02033,11,289.01,3.857142857142857
D00372,12,288.97999999999996,3.6666666666666665
D00717,13,288.97,4.0
D03664,11,288.96999999999997,3.3333333333333335
D04413,12,288.90000000000003,2.75
D07631,12,288.84,5.0
D01080,10,288.83,5.0
D06402,11,288.80999999999995,3.8
D01425,11,288.78999999999996,1.6666666666666667
D01412,13,288.78000000000003,
D00607,13,288.74,2.0
D00692,8,288.71000000000004,3.0
D01713,10,288.71,3.5
D01062,8,288.71,2.3333333333333335
D04430,13,288.7,2.6666666666666665
D06341,11,288.68000000000006,4.0
D09728,9,288.6,3.3333333333333335
D09273,11,288.57,2.75
D02272,12,288.56,3.3333333333333335
D06437,9,288.52,3.5
D02243,10,288.49,
D08857,11,288.49,2.0
D05149,8,288.41999999999996,4.0
D09606,9,288.41999999999996,3.6666666666666665
D08569,8,288.39,4.0
D02279,10,288.38,2.6666666666666665
D05179,8,288.37,4.0
D02964,10,288.31,2.3333333333333335
D05657,10,288.26,3.5
D00223,11,288.25,3.25
D08345,8,288.21,3.6666666666666665
D00087,9,288.19,3.5
D03888,11,288.14,2.75
D06506,13,288.14,3.6
D06827,11,288.13,3.5
D08020,8,288.1,2.3333333333333335
D00632,9,288.07000000000005,3.3333333333333335
D03400,12,288.04,5.0
D01046,8,288.02,1.0
D04645,12,287.97,3.2
D07650,10,287.94,3.0
D03096,13,287.92999999999995,2.75
D02823,11,287.90000000000003,2.0
D06130,11,287.89,3.25
D07443,9,287.88,3.5
D00694,9,287.88,4.0
D09656,8,287.82,1.0
D05698,9,287.76,
D00820,13,287.75,4.0
D08176,14,287.75,4.2
D06461,10,287.73,2.3333333333333335
D02356,12,287.71,2.8333333333333335
D03522,11,287.65,3.6666666666666665
D02614,10,287.63,3.5
D01270,10,287.59999999999997,1.5
D09762,12,287.59000000000003,2.6666666666666665
D08613,10,287.58,2.75
D06801,8,287.58,5.0
D04659,13,287.51,2.3333333333333335
D06238,8,287.5,3.0
D09130,9,287.43,3.5
D02740,10,287.35,2.0
D06487,9,287.34,4.25
D05517,9,287.33,
D04174,12,287.32,3.5
D01144,13,287.31,3.5
D02569,9,287.29999999999995,1.5
D00755,10,287.28000000000003,2.4
D07316,9,287.27,2.0
D04970,14,287.21,3.25
D09665,11,287.20000000000005,3.0
D07590,8,287.20000000000005,1.0
D06532,12,287.17,3.0
D00858,11,287.16999999999996,3.6
D09490,10,287.12,3.0
D02081,10,287.11,3.25
D03596,9,287.11,2.0
D02519,9,287.1,2.0
D04094,10,287.07,2.5
D08669,9,287.01,3.6
D03059,14,287.0,2.8
D01700,11,287.0,
D03725,11,286.97,4.0
D05674,7,286.96,4.0
D08622,11,286.94,3.0
D04666,9,286.93,2.6666666666666665
D01010,11,286.92,2.6666666666666665
D05128,9,286.9,2.5
D05034,9,286.83,2.2
D01290,9,286.82,3.8
D02115,10,286.73,4.0
D03248,12,286.71000000000004,2.6666666666666665
D02541,8,286.71000000000004,3.6
D03603,7,286.71000000000004,1.0
D01552,10,286.69,4.333333333333333
D03558,10,286.65999999999997,5.0
D03732,9,286.64,4.25
D02523,10,286.63000000000005,3.6
D07370,13,286.63,2.8
D02325,12,286.61,4.666666666666667
D06393,11,286.58,1.75
D06533,9,286.58,2.25
D03159,8,286.56,3.0
D06673,11,286.51,3.6666666666666665
D07554,11,286.48,2.4
D06047,9,286.45,
D08389,11,286.45,2.0
D04295,9,286.4,3.0
D08070,9,286.39,3.5
D04151,10,286.37,2.0
D07420,10,286.31,3.0
D04228,9,286.3,
D05823,9,286.3,3.0
D07483,9,286.26000000000005,2.0
D03880,10,286.25,2.0
D00195,8,286.23,2.8333333333333335
D00819,8,286.23,2.3333333333333335
D06215,8,286.22999999999996,3.0
D02928,10,286.21000000000004,2.5
D02211,13,286.2,3.3333333333333335
D09598,11,286.15000000000003,3.25
D00913,10,286.14,2.5
D02810,13,286.13,5.0
D02481,11,286.08,3.0
D02361,9,286.04,4.0
D00488,11,286.03000000000003,2.5
D03840,10,286.01000000000005,2.5
D03822,10,286.01,2.1666666666666665
D02345,12,285.93,2.75
D09438,9,285.93,5.0
D00254,10,285.91999999999996,4.0
D07117,7,285.90999999999997,3.5
D02184,10,285.89,3.75
D08314,11,285.88,3.1666666666666665
D03111,13,285.86,3.5
D01751,8,285.85,3.5
D00725,12,285.82000000000005,2.0
D04148,12,285.8,2.5714285714285716
D08916,8,285.79999999999995,4.0
D06008,10,285.75,5.0
D00589,10,285.75,2.0
D07256,10,285.71000000000004,2.6666666666666665
D09837,10,285.69,2.0
D05095,7,285.68,4.0
D05719,13,285.67999999999995,1.0
D05326,10,285.62,3.0
D03643,11,285.61,3.75
D01994,9,285.58000000000004,2.3333333333333335
D04305,7,285.57,3.6
D04842,8,285.55,1.75
D02379,11,285.54,3.0
D02430,11,285.52,2.0
D05349,8,285.46999999999997,2.0
D07224,14,285.40999999999997,3.4
D08087,9,285.38,3.0
D05520,8,285.29999999999995,4.0
D00004,13,285.29,2.8
D07728,10,285.28000000000003,2.6666666666666665
D00788,13,285.28,2.0
D02940,13,285.28,2.0
D05824,9,285.27,3.3333333333333335
D05972,10,285.22999999999996,4.5
D07749,9,285.21999999999997,3.0
D04574,9,285.21000000000004,1.3333333333333333
D02859,10,285.21,
D04998,11,285.21,4.333333333333333
D08064,9,285.17,1.5
D06261,12,285.17,5.0
D04657,10,285.17,2.5
D04208,13,285.15999999999997,3.0
D04560,11,285.15,3.3333333333333335
D02970,10,285.13000000000005,
D03819,11,285.13,3.0
D03951,9,285.08,1.5
D08449,11,285.06,3.0
D05294,9,285.05,3.6666666666666665
D02671,8,285.05,2.6666666666666665
D08968,8,285.03,2.6666666666666665
D08856,9,285.01,3.75
D01019,13,284.99,3.0
D09304,8,284.98,1.0
D08067,11,284.96,1.0
D07957,9,284.95,4.25
D09779,11,284.94,2.8
D06739,9,284.87,2.75
D01183,10,284.82,3.6
D04279,7,284.78999999999996,2.5
D08991,12,284.78999999999996,2.2
D02604,11,284.78000000000003,1.0
D02485,11,284.76,4.0
D01236,10,284.71999999999997,4.5
D00908,9,284.69,3.0
D04778,12,284.69,3.6666666666666665
D07969,12,284.68,3.0
D00118,10,284.66,2.0
D07726,10,284.65,3.5
D02600,10,284.63,3.0
D01980,12,284.62999999999994,4.0
D06423,7,284.61,2.0
D01423,9,284.58000000000004,2.5
D08888,10,284.55999999999995,3.75
D08938,8,284.55,4.75
D05156,13,284.51,1.6
D00759,10,284.45,4.0
D03525,11,284.41999999999996,2.3333333333333335
D01011,8,284.36,3.3333333333333335
D02947,10,284.36,4.0
D09923,10,284.35,4.0
D03726,8,284.28,2.6666666666666665
D00903,9,284.27,2.6666666666666665
D02396,11,284.27,4.0
D07783,9,284.24,4.0
D05654,10,284.23,2.2
D08039,11,284.23,2.3333333333333335
D02724,9,284.19,2.0
D04621,11,284.15999999999997,2.5
D06586,9,284.15,2.7142857142857144
D06091,7,284.12,4.0
D06340,7,284.12,2.0
D07295,12,284.08,4.0
D04597,8,284.07000000000005,3.0
D08216,12,284.07,3.0
D05451,10,284.06,2.5
D07210,10,284.04,3.0
D01160,10,284.04,
D03332,14,284.03000000000003,2.4
D05725,9,284.02,1.0
D05468,10,283.97,3.1666666666666665
D04679,11,283.94,2.4
D00789,11,283.94,3.5
D00910,11,283.91,4.5
D04076,15,283.91,1.0
D01883,10,283.86,2.6666666666666665
D08592,11,283.78,4.0
D05345,15,283.75,3.0
D09626,14,283.74,3.0
D01527,9,283.74,4.25
D00085,7,283.73,4.0
D06967,10,283.71999999999997,4.0
D08658,10,283.7,2.3333333333333335
D04475,8,283.65999999999997,3.0
D06612,9,283.63,3.5
D08703,11,283.61,1.6666666666666667
D05899,7,283.53,3.0
D04830,11,283.48,3.2
D02402,13,283.46,2.8
D01685,11,283.46,4.0
D08730,14,283.44,4.0
D03049,10,283.41,
D04986,8,283.4,
D06211,10,283.39,3.0
D04398,8,283.35999999999996,2.5
D07273,8,283.35,5.0
D09849,12,283.35,2.0
D00414,12,283.33,1.0
D02635,9,283.31,1.0
D01873,10,283.27000000000004,2.3333333333333335
D04029,10,283.26,1.5
D00531,9,283.20000000000005,3.5
D08553,14,283.20000000000005,3.2
D02745,8,283.18,3.6
D03101,12,283.17,3.0
D04002,10,283.13,3.2
D02393,10,283.1,2.6
D06051,11,283.07,3.3333333333333335
D01671,13,283.04999999999995,2.8333333333333335
D08213,11,283.04,3.25
D00853,11,283.03000000000003,1.6
D05076,10,282.96000000000004,3.6666666666666665
D06378,9,282.93,3.75
D09940,9,282.73,2.3333333333333335
D03636,10,282.72999999999996,2.5
D04927,12,282.72999999999996,3.4
D08579,12,282.72,3.25
D01677,10,282.68,1.0
D02351,15,282.42999999999995,1.5
D00215,11,282.39,3.6666666666666665
D08233,11,282.37,2.75
D02143,11,282.36,2.5
D07893,10,282.34000000000003,4.0
D06447,10,282.22,4.0
D06973,11,282.22,4.5
D07614,9,282.19,3.0
D02883,10,282.18,2.6666666666666665
D03515,10,282.17999999999995,5.0
D03765,9,282.16999999999996,2.25
D02895,8,282.15999999999997,5.0
D04962,9,282.13,1.0
D09219,7,282.12,4.0
D02440,8,282.05,2.8
D09146,10,282.04999999999995,1.5
D02248,11,282.02000000000004,2.0
D08511,7,282.02,3.3333333333333335
D01440,10,281.98,3.0
D06703,12,281.96000000000004,4.0
D09545,13,281.96000000000004,3.0
D06847,11,281.96,5.0
D06074,8,281.94,1.6666666666666667
D02384,12,281.93,3.5
D09291,11,281.91,4.25
D06093,14,281.90999999999997,2.0
D01997,11,281.86,4.333333333333333
D08807,9,281.83,2.5
D05211,9,281.79,2.5
D07806,10,281.77,2.25
D06371,11,281.69,2.5
D02104,9,281.64000000000004,1.0
D06897,9,281.6,2.6666666666666665
D04960,9,281.52,1.3333333333333333
D00805,11,281.5,3.0
D00435,10,281.47,3.5714285714285716
D08907,9,281.46000000000004,2.25
D04344,10,281.46,3.0
D08393,14,281.42,2.0
D04106,9,281.38,2.6666666666666665
D09036,10,281.35,1.3333333333333333
D00297,9,281.35,4.666666666666667
D09446,9,281.34,3.0
D09970,9,281.33000000000004,3.0
D04011,6,281.28999999999996,2.75
D06085,9,281.27,3.75
D02771,9,281.27,2.8
D06488,11,281.23,3.6666666666666665
D03298,9,281.2,3.0
D01975,11,281.19,3.6666666666666665
D02244,10,281.18,1.5
D01018,8,281.17,2.6
D02962,9,281.12,3.0
D04359,12,281.09,3.0
D06050,10,281.08000000000004,4.5
D00627,13,281.07000000000005,2.2
D07090,8,281.06,
D03210,9,281.06,4.0
D04517,11,281.05000000000007,3.5
D05847,12,281.03,3.5
D07404,10,281.01,2.5
D05168,8,281.01,3.3333333333333335
D02822,7,280.93,2.0
D06068,11,280.93,2.5
D02376,13,280.92999999999995,3.6666666666666665
D07699,9,280.92,3.0
D08210,10,280.90999999999997,3.5
D02364,10,280.86,3.0
D08387,11,280.83000000000004,3.0
D05632,9,280.82,3.6666666666666665
D03630,10,280.8,1.0
D01625,8,280.79999999999995,3.0
D09602,9,280.79999999999995,2.5
D02572,12,280.76,3.0
D02584,10,280.75,4.0
D07500,11,280.73,1.6
D01705,13,280.73,3.5
D04313,8,280.71000000000004,1.0
D09658,9,280.69,4.0
D02558,10,280.66,2.3333333333333335
D01243,10,280.65,
D01892,9,280.64000000000004,3.6666666666666665
D04540,8,280.56,3.0
D06183,11,280.54999999999995,3.8
D06773,11,280.53,3.5
D04132,11,280.47999999999996,1.5
D06806,9,280.36,4.0
D01051,14,280.35999999999996,3.25
D06015,13,280.35,2.25
D04122,9,280.28,3.3333333333333335
D01829,10,280.28,3.5
D03589,9,280.23,3.0
D00983,6,280.22,4.0
D09413,11,280.22,3.0
D03473,12,280.19000000000005,3.3333333333333335
D09399,12,280.16999999999996,2.6
D00907,9,280.12,2.5
D04909,9,280.11,4.0
D02780,11,280.05,
D04336,11,279.95,3.5
D02151,9,279.93,4.0
D03608,12,279.92,2.3333333333333335
D09733,11,279.91999999999996,2.3333333333333335
D06312,10,279.84000000000003,3.25
D07979,9,279.84,3.0
D01291,8,279.79,4.0
D02677,9,279.78,
D00832,12,279.77,2.6666666666666665
D07263,11,279.76,3.0
D09930,9,279.72,3.3333333333333335
D05547,11,279.72,2.6
D05181,9,279.7,3.3333333333333335
D04697,10,279.69,1.5
D09318,11,279.66999999999996,3.3333333333333335
D02657,12,279.65999999999997,2.0
D06241,10,279.53000000000003,3.5
D06419,10,279.53,3.75
D07518,8,279.53,1.0
D01461,9,279.53,3.5
D09720,10,279.5,
D00489,11,279.4,1.25
D09821,11,279.34000000000003,4.5
D05273,10,279.3,3.75
D02175,14,279.3,3.3333333333333335
D09100,13,279.29,3.0
D07046,8,279.24,2.0
D07695,9,279.20000000000005,4.666666666666667
D04377,12,279.20000000000005,5.0
D08177,10,279.19,3.0
D05864,8,279.18,3.0
D03592,10,279.16,4.0
D00486,7,279.12,1.5
D02606,11,279.05,2.75
D04250,6,279.05,1.0
D05008,9,278.99,3.0
D08723,11,278.97,2.6666666666666665
D05727,11,278.93,2.0
D02718,12,278.93,3.0
D08237,12,278.93,1.0
D02684,10,278.93,2.5
D07673,12,278.92999999999995,3.3333333333333335
D02080,12,278.91999999999996,2.8
D00526,10,278.90000000000003,4.0
D07848,9,278.84000000000003,1.0
D05436,7,278.81,
D02945,8,278.81,3.4
D03433,6,278.75,1.0
D03278,9,278.71,3.3333333333333335
D08222,10,278.69000000000005,2.75
D05006,10,278.68,2.0
D04588,10,278.66,4.333333333333333
D02207,12,278.65,1.25
D08970,11,278.62,3.0
D02535,9,278.61,3.0
D07603,9,278.59999999999997,1.3333333333333333
D03351,7,278.57,
D06645,11,278.57,5.0
D05918,11,278.52,3.6666666666666665
D02071,10,278.47,3.0
D09825,11,278.39,3.3333333333333335
D00897,13,278.39,3.3333333333333335
D08798,7,278.33,3.0
D07167,7,278.28999999999996,2.0
D08574,9,278.27,2.6666666666666665
D07519,9,278.19,4.666666666666667
D04520,9,278.15999999999997,3.25
D05112,10,278.15,4.333333333333333
D00965,8,278.15,
D01826,6,278.13,4.5
D08829,10,278.12,3.2
D09557,9,278.1,3.0
D05090,8,278.08000000000004,2.0
D05438,9,278.08000000000004,3.0
D04556,10,278.05,4.0
D07325,9,278.02,3.5
D06837,10,277.96000000000004,3.0
D07526,10,277.96,3.5
D03267,8,277.88,2.0
D01393,12,277.85,2.857142857142857
D04095,10,277.83,4.0
D05646,8,277.81000000000006,2.0
D00173,12,277.8,3.5
D04551,13,277.75,4.5
D03975,7,277.74,3.0
D00665,10,277.73,2.5
D01571,7,277.67,3.0
D04154,7,277.65999999999997,1.3333333333333333
D03532,8,277.65,2.6666666666666665
D09749,10,277.65,3.8
D05952,9,277.55999999999995,4.0
D00263,9,277.55,2.0
D07492,9,277.53000000000003,3.5
D01762,7,277.51000000000005,4.0
D06865,11,277.5,2.0
D08667,9,277.46,3.0
D05200,9,277.45,4.0
D04605,9,277.41999999999996,1.3333333333333333
D09681,11,277.36,2.3333333333333335
D01683,8,277.26,3.6666666666666665
D02855,14,277.26,3.5
D08048,10,277.23,1.0
D05146,8,277.19999999999993,1.0
D07321,11,277.15999999999997,2.3333333333333335
D09879,9,277.12,2.8333333333333335
D09188,9,277.07000000000005,2.0
D07604,8,276.98,4.0
D05710,9,276.96,2.5
D07838,10,276.96,1.5
D00408,12,276.94,3.0
D09499,11,276.90999999999997,3.0
D03398,10,276.80999999999995,3.5
D04405,10,276.8,3.75
D06562,7,276.79999999999995,2.75
D05591,7,276.78999999999996,3.0
D06609,9,276.78999999999996,3.25
D05068,10,276.77,4.0
D04450,9,276.73,1.3333333333333333
D03095,11,276.72,3.3333333333333335
D01836,10,276.7,4.333333333333333
D04037,7,276.7,3.0
D02492,10,276.69,2.75
D03507,7,276.69,3.3333333333333335
D03093,10,276.62,4.333333333333333
D02695,12,276.53000000000003,3.0
D07373,8,276.51000000000005,3.6666666666666665
D09407,10,276.47,3.0
D00470,10,276.44000000000005,5.0
D00302,10,276.41999999999996,2.3333333333333335
D02699,8,276.41999999999996,4.5
D08835,12,276.40999999999997,1.6666666666666667
D09364,9,276.40000000000003,3.0
D06092,14,276.38,3.0
D01283,10,276.37,3.5
D07864,9,276.31,4.0
D04760,8,276.30999999999995,2.0
D02030,10,276.29,3.8
D00473,7,276.28000000000003,1.8
D05202,10,276.25,1.6666666666666667
D05481,8,276.21999999999997,
D07529,11,276.16999999999996,2.0
D09520,10,276.11,
D01632,8,276.11,5.0
D06404,9,276.03000000000003,2.3333333333333335
D00068,9,276.01,1.6666666666666667
D06592,11,276.01,3.0
D09299,7,276.0,3.0
D08062,10,275.92999999999995,3.6
D04012,6,275.89,3.5
D08891,10,275.81,3.6
D04352,9,275.81,2.6666666666666665
D08061,7,275.77,3.0
D02423,13,275.77,3.6666666666666665
D01074,10,275.67,1.75
D06275,9,275.64,3.0
D08331,10,275.47,2.0
D02484,8,275.46999999999997,3.6666666666666665
D00399,12,275.46000000000004,4.5
D00636,8,275.44,3.75
D06401,9,275.39,3.5
D02049,10,275.38,3.3333333333333335
D00838,12,275.37,3.8
D07902,8,275.28000000000003,2.6666666666666665
D03340,10,275.26,4.0
D08973,7,275.24,3.75
D06693,12,275.23,3.0
D07287,12,275.16999999999996,3.25
D09856,14,275.15,5.0
D00482,10,275.12,4.333333333333333
D08646,11,275.09000000000003,2.6
D09975,10,275.07000000000005,3.0
D00644,9,275.03999999999996,4.0
D05274,7,274.99,2.6666666666666665
D02943,13,274.93,2.6666666666666665
D05079,8,274.87,4.5
D09092,7,274.87,3.0
D08770,7,274.86,2.6666666666666665
D07811,8,274.85,3.5
D03394,9,274.85,2.5
D02998,10,274.85,3.5
D06968,12,274.81,3.6
D05111,8,274.8,2.5
D08698,11,274.79,2.5
D04633,8,274.78,2.3333333333333335
D08405,10,274.74,2.6666666666666665
D05403,12,274.70000000000005,2.5
D05559,10,274.68,4.0
D02739,11,274.64,2.5
D05113,10,274.63,2.6666666666666665
D07341,9,274.63,4.666666666666667
D03759,9,274.63,3.5
D07580,9,274.6,3.6666666666666665
D01143,7,274.6,1.0
D04381,12,274.55,3.0
D07073,7,274.54,3.0
D01466,10,274.45,2.8333333333333335
D05541,7,274.43,4.333333333333333
D00296,10,274.41999999999996,2.6666666666666665
D06470,10,274.41,3.5
D02009,8,274.39,5.0
D06251,7,274.38,2.5
D05999,12,274.34000000000003,2.75
D05995,12,274.33000000000004,2.2
D02845,9,274.32,3.5
D02761,8,274.21999999999997,1.0
D07724,9,274.21,3.0
D07010,6,274.16,3.5
D06799,10,274.14,3.4
D00039,9,274.13,3.5
D03710,11,274.11,2.2
D02457,10,274.07,2.2
D00952,9,273.90999999999997,
D00157,9,273.89,4.2
D06119,9,273.75,3.5
D02197,9,273.73,2.5
D03712,9,273.70000000000005,3.0
D04995,8,273.66999999999996,4.0
D07275,9,273.66,2.5
D05513,14,273.64000000000004,2.5
D01260,8,273.64,
D07676,14,273.63,2.4
D06125,8,273.6,2.0
D06320,9,273.59000000000003,2.0
D05649,9,273.55,2.6666666666666665
D01492,9,273.55,4.5
D09688,11,273.53000000000003,5.0
D08215,10,273.5,2.25
D04248,8,273.49,3.0
D05669,11,273.47,3.0
D07259,9,273.35,2.0
D03771,9,273.34000000000003,4.0
D01453,10,273.32000000000005,2.0
D04403,11,273.25,2.5
D09018,7,273.21000000000004,3.5
D02869,7,273.21000000000004,2.5
D02053,12,273.21,2.3333333333333335
D00116,12,273.19,2.6
D00328,7,273.19,3.5
D08130,11,273.14,3.5
D00735,9,273.14,2.1666666666666665
D09296,10,272.98,3.0
D08691,10,272.98,3.6666666666666665
D05333,11,272.96,2.5
D06345,8,272.92,3.0
D02354,12,272.92,3.0
D08754,8,272.92,2.0
D04287,8,272.85,2.0
D05356,9,272.85,3.25
D05196,14,272.78999999999996,3.25
D06429,9,272.71,2.0
D02117,10,272.65999999999997,
D00593,11,272.65999999999997,2.3333333333333335
D09361,10,272.58,3.2
D04518,12,272.56,5.0
D06205,9,272.56,4.0
D01704,11,272.54999999999995,3.1666666666666665
D06804,13,272.53,3.0
D03076,11,272.52,3.0
D08826,14,272.5,3.1666666666666665
D02624,9,272.46000000000004,2.0
D08400,8,272.44,3.6666666666666665
D05795,8,272.43,
D06150,11,272.42,1.6666666666666667
D02176,8,272.40999999999997,3.0
D01510,12,272.38,3.5714285714285716
D03324,9,272.37,3.75
D07621,12,272.35,2.75
D03279,10,272.33000000000004,3.5
D06530,9,272.31,3.5
D05125,10,272.28999999999996,2.75
D09991,8,272.28,2.0
D06546,12,272.23,4.5
D00310,10,272.23,3.1666666666666665
D02387,8,272.23,3.2
D04035,11,272.21999999999997,3.142857142857143
D03583,12,272.15999999999997,3.3333333333333335
D06032,8,272.1,3.6666666666666665
D02357,10,271.98,3.0
D08825,7,271.97999999999996,3.3333333333333335
D08288,7,271.97,3.0
D08602,8,271.96,3.6666666666666665
D01750,11,271.94000000000005,1.0
D09505,9,271.93,3.0
D00102,11,271.90999999999997,4.5
D00262,9,271.84000000000003,2.3333333333333335
D05812,9,271.84,3.75
D01585,12,271.81000000000006,2.2
D00976,9,271.8,2.5
D07921,7,271.73,4.0
D06665,12,271.73,4.0
D06121,12,271.7,2.5
D00936,10,271.65999999999997,3.0
D09162,11,271.62,3.0
D02842,10,271.57,2.75
D00149,10,271.53999999999996,3.6
D07845,10,271.52,3.0
D08751,9,271.46,1.0
D06896,12,271.40999999999997,2.75
D06334,9,271.36,2.0
D09085,9,271.34000000000003,4.0
D02844,10,271.34,4.5
D05341,8,271.29999999999995,1.6666666666666667
D08291,9,271.28999999999996,3.5
D04677,9,271.28000000000003,3.0
D05122,10,271.27,3.5
D02293,11,271.23,2.2
D04774,9,271.21,3.25
D09358,8,271.19,3.0
D00677,10,271.18,1.3333333333333333
D09634,12,271.17,2.8
D05577,7,271.15,4.0
D04153,8,271.12,3.25
D07111,9,271.1,3.5
D00640,10,271.08,4.2
D03512,9,271.07,
D06851,9,271.03,4.0
D01122,12,270.97,2.5
D04668,12,270.95,3.0
D08785,9,270.95,3.0
D09166,9,270.92999999999995,3.0
D05494,8,270.86,2.5
D03578,11,270.86,2.4
D00429,8,270.85999999999996,3.3333333333333335
D00252,10,270.85,2.5
D08437,9,270.85,2.6666666666666665
D04500,13,270.84,4.5
D06669,10,270.82,3.25
D03035,10,270.8,3.0
D08380,11,270.76,3.0
D03243,9,270.75,1.5
D01308,11,270.74,4.0
D07075,7,270.74,3.2
D08643,9,270.72,3.0
D06904,9,270.71000000000004,4.5
D03903,11,270.52,3.0
D00966,11,270.52,3.5
D04798,9,270.51,2.3333333333333335
D01449,10,270.5,4.0
D00516,10,270.5,3.6666666666666665
D01025,9,270.48,3.2
D04764,7,270.46,3.3333333333333335
D04771,8,270.43999999999994,2.6666666666666665
D02957,8,270.41999999999996,3.8
D05863,12,270.41,3.75
D09103,12,270.34999999999997,3.6666666666666665
D06543,7,270.31000000000006,3.5
D00350,12,270.3,2.0
D09192,9,270.28,3.0
D01438,12,270.21,3.6
D03424,9,270.16999999999996,2.75
D04660,10,270.15999999999997,3.0
D01228,10,270.11,2.4
D02084,10,270.06,2.5
D04850,7,270.04999999999995,2.0
D09996,14,270.03,3.25
D01053,9,269.93,2.5
D04378,10,269.92999999999995,3.0
D02431,12,269.87,3.3333333333333335
D01394,8,269.85,5.0
D07212,9,269.82,1.0
D08540,10,269.79,4.666666666666667
D00646,9,269.78999999999996,3.6
D08402,10,269.75,
D09709,9,269.73999999999995,3.0
D01348,9,269.73,2.75
D08576,9,269.72,2.5
D04627,13,269.7,3.5
D02939,7,269.69000000000005,3.6
D00701,14,269.68,3.3333333333333335
D04245,11,269.67,
D02231,9,269.64,4.0
D07680,9,269.63,3.0
D09868,11,269.58,1.0
D01365,10,269.56,3.5
D06094,9,269.55,3.0
D05957,9,269.54,1.5
D03023,9,269.53999999999996,3.3333333333333335
D09204,12,269.5,3.1666666666666665
D02239,10,269.48,3.3333333333333335
D00171,9,269.43,
D01764,11,269.43,2.5
D07192,8,269.43,2.6666666666666665
D03483,10,269.39000000000004,2.6666666666666665
D00827,9,269.39,3.0
D08831,10,269.34000000000003,3.25
D01209,8,269.31,2.0
D05058,10,269.3,3.6666666666666665
D08271,9,269.3,3.6666666666666665
D09851,9,269.3,3.25
D02619,6,269.27,5.0
D09145,11,269.26,3.0
D01636,10,269.25,2.5
D03696,7,269.24,3.0
D09566,9,269.16999999999996,1.0
D02002,11,269.10999999999996,2.0
D00011,9,269.09000000000003,2.5
D06478,9,269.07,4.333333333333333
D07084,8,269.02,2.6666666666666665
D02818,8,269.0,3.5
D01880,8,268.98,3.0
D06022,9,268.96,3.3333333333333335
D04274,13,268.95,4.0
D09584,6,268.92999999999995,2.0
D07705,9,268.86,3.3333333333333335
D04553,12,268.85,3.6666666666666665
D00433,9,268.81000000000006,3.5
D02500,11,268.8,4.0
D09797,8,268.78,1.3333333333333333
D04514,9,268.76,1.6666666666666667
D02729,11,268.75,1.3333333333333333
D00662,9,268.73,2.0
D00921,12,268.72999999999996,3.5
D07720,10,268.63,2.0
D03454,10,268.63,2.5
D01998,11,268.6,1.5
D00170,9,268.58,3.0
D00249,7,268.55,3.5
D04361,10,268.53000000000003,4.5
D01743,9,268.53,3.0
D04284,11,268.5,2.6666666666666665
D03412,8,268.45,3.5
D09396,9,268.40999999999997,4.0
D08311,9,268.37,
D09826,8,268.33,5.0
D03911,11,268.31,3.4
D05354,12,268.28000000000003,3.0
D00547,9,268.26,3.75
D09793,10,268.25,3.0
D07617,7,268.25,1.75
D00505,8,268.19,2.5
D09551,13,268.17,3.6666666666666665
D03089,10,268.16,3.6
D05317,9,268.14,3.5
D08626,10,268.13,2.2
D01893,9,268.13,1.3333333333333333
D03064,9,268.08000000000004,3.0
D07472,8,268.03,3.5
D09312,12,267.97,4.0
D09387,10,267.96,1.6666666666666667
D05453,10,267.95,3.1666666666666665
D02638,13,267.92999999999995,3.6666666666666665
D07870,12,267.91,2.0
D00289,11,267.89,4.5
D09573,11,267.87,3.3333333333333335
D00081,9,267.85,2.0
D01988,10,267.83000000000004,3.0
D03453,8,267.77,2.0
D00551,10,267.75,
D06947,10,267.72,3.25
D02483,10,267.72,3.5
D03281,9,267.71,3.3333333333333335
D06240,11,267.69,2.75
D07847,13,267.68,4.0
D08110,11,267.62,4.333333333333333
D00213,9,267.59000000000003,1.0
D03663,8,267.58,3.0
D03800,10,267.57,3.0
D09050,9,267.56,2.0
D05096,10,267.55,3.0
D09458,10,267.53,3.6
D08753,12,267.53,4.0
D08701,14,267.51,3.5
D04569,9,267.46999999999997,4.0
D02029,10,267.45,5.0
D09759,7,267.44,
D02784,9,267.44,4.0
D01655,11,267.43,3.0
D07453,9,267.40999999999997,5.0
D09261,11,267.4,2.6666666666666665
D04026,11,267.39,3.5
D06249,7,267.36,3.0
D07834,9,267.35,3.0
D02295,10,267.33,2.0
D06785,8,267.3,3.0
D06986,10,267.29,3.75
D06974,9,267.29,1.0
D01293,9,267.23,3.0
D04364,13,267.21,2.3333333333333335
D00669,11,267.19,3.3333333333333335
D03313,11,267.18,
D02709,10,267.14,3.1666666666666665
D01259,10,267.12,4.666666666666667
D04591,9,267.10999999999996,2.6
D09252,7,267.03,1.5
D01644,8,267.03,2.0
D07698,10,266.99,2.0
D02952,10,266.97,3.0
D07559,13,266.95,3.5714285714285716
D05177,7,266.92,4.0
D04707,8,266.88,4.0
D04739,9,266.88,3.0
D05876,11,266.86,2.0
D04160,8,266.83000000000004,2.5
D09492,9,266.77000000000004,3.25
D02870,10,266.73,4.0
D08683,8,266.63,
D00275,9,266.61,2.0
D07086,11,266.6,3.0
D03656,12,266.57,2.0
D03536,10,266.54999999999995,3.0
D02493,12,266.52,4.333333333333333
D09577,10,266.5,3.8
D01987,8,266.45,4.5
D09278,9,266.4,4.5
D08544,9,266.4,1.5
D09301,11,266.34000000000003,3.0
D00065,9,266.33,4.0
D00082,10,266.3,4.0
D01145,10,266.27,3.0
D07714,11,266.25,2.4
D00412,12,266.23,5.0
D07619,9,266.23,2.5
D05369,5,266.19,3.0
D04115,9,266.12,3.75
D09795,9,266.12,4.0
D05927,9,266.12,1.0
D02924,9,266.1,3.5
D01264,10,266.09,2.0
D06685,9,266.07000000000005,2.6666666666666665
D08228,11,266.06,1.8
D08450,8,266.05,3.6666666666666665
D01688,12,266.05,5.0
D03622,8,266.03999999999996,3.0
D05152,8,266.03,2.0
D07692,10,265.96999999999997,2.0
D04440,10,265.96000000000004,3.25
D07853,9,265.93,1.0
D05891,9,265.92999999999995,2.25
D08066,8,265.90999999999997,3.25
D03312,9,265.87,3.0
D04085,10,265.84999999999997,3.0
D08455,9,265.81,
D04822,11,265.78,2.0
D08163,9,265.74,2.3333333333333335
D07174,12,265.74,2.3333333333333335
D08510,10,265.72,2.6666666666666665
D07672,10,265.72,2.5
D09538,13,265.6,3.25
D08305,11,265.58000000000004,3.0
D02260,6,265.57,2.6666666666666665
D03087,9,265.55,2.25
D07088,10,265.52000000000004,2.25
D01345,7,265.49,1.3333333333333333
D09035,7,265.49,5.0
D05337,9,265.47,1.6666666666666667
D01092,9,265.46000000000004,2.5
D03674,11,265.46,2.6666666666666665
D01605,11,265.45,4.0
D03774,9,265.44,3.2
D06625,11,265.39,1.0
D02686,9,265.34000000000003,4.0
D08144,9,265.31,2.5
D04048,10,265.27,2.6
D09928,10,265.26,3.0
D08535,9,265.26,3.0
D06197,12,265.22,2.5
D04147,9,265.12,3.0
D03042,10,265.09,3.0
D00886,9,265.08000000000004,5.0
D04797,9,265.08,2.8
D06304,13,265.04,3.0
D06420,9,265.03999999999996,2.5
D02169,12,265.03,3.3333333333333335
D00798,10,265.0,3.5
D02289,12,264.98,4.25
D07166,8,264.95,2.8
D00045,8,264.94,2.0
D07948,11,264.93,3.0
D09703,8,264.92999999999995,3.3333333333333335
D00507,8,264.90000000000003,3.0
D03240,10,264.86,2.0
D04235,5,264.83000000000004,1.5
D07825,9,264.81,1.0
D02782,10,264.72,2.0
D01028,8,264.7,3.6
D04484,8,264.7,3.5
D02557,8,264.7,1.0
D03354,11,264.68,3.2
D07388,9,264.66,3.4
D08111,9,264.63,3.2
D00322,7,264.61,2.0
D06177,10,264.53000000000003,3.0
D05963,13,264.51,2.6
D04195,9,264.46999999999997,2.0
D03200,11,264.46000000000004,3.0
D02276,9,264.45,2.3333333333333335
D04650,13,264.44,2.8
D01360,7,264.42,3.25
D08843,7,264.42,3.6666666666666665
D01703,8,264.40000000000003,3.5
D01923,9,264.37,2.5
D08684,10,264.34000000000003,2.0
D01113,9,264.32,4.666666666666667
D05551,8,264.21999999999997,2.0
D09132,11,264.21000000000004,2.5
D06011,8,264.2,3.5
D05859,9,264.2,4.0
D09168,10,264.19,3.25
D05322,8,264.18,3.0
D05631,10,264.17999999999995,4.25
D08280,15,264.15999999999997,3.6666666666666665
D07671,7,264.14,2.8
D02400,14,264.13,2.8333333333333335
D09473,15,264.12000000000006,4.0
D07819,8,264.08000000000004,2.0
D08525,9,264.08,2.0
D09972,12,264.04,1.5
D08531,10,263.99,3.8
D04149,9,263.96,2.8
D05903,9,263.95,4.5
D07449,11,263.94,3.0
D06908,6,263.93,4.0
D05332,9,263.92,2.75
D03044,9,263.9,2.75
D09874,9,263.89,1.75
D03466,12,263.87,4.5
D03388,8,263.85,1.5
D01186,14,263.78,3.0
D02581,8,263.78,5.0
D04915,8,263.78,3.25
D03011,10,263.77,2.25
D05140,11,263.75,1.6666666666666667
D07485,10,263.73,1.5
D03025,14,263.69,3.3333333333333335
D08647,9,263.68,3.6666666666666665
D07284,8,263.67,2.0
D06108,9,263.67,2.0
D02482,10,263.61,2.0
D06152,10,263.56,2.0
D03625,8,263.55,2.3333333333333335
D08240,10,263.54,2.0
D07154,14,263.53,3.25
D01619,10,263.5,2.6666666666666665
D01832,9,263.42999999999995,1.5
D09727,9,263.42,2.0
D08865,8,263.41,3.0
D03107,8,263.40000000000003,5.0
D06501,9,263.4,3.5
D04415,11,263.38,2.75
D09801,11,263.37,3.5
D09010,9,263.33,5.0
D06213,8,263.25,2.0
D02006,11,263.23,1.75
D03274,7,263.21000000000004,3.5
D07797,10,263.15999999999997,3.3333333333333335
D07943,10,263.07,2.5
D02609,9,263.06,3.6666666666666665
D09864,8,263.04,1.5
D04288,9,263.04,1.5
D04705,11,262.96000000000004,3.75
D04226,10,262.96,4.0
D06048,9,262.94,2.0
D08466,12,262.91,3.2
D04794,11,262.91,3.3333333333333335
D07630,9,262.88,3.6666666666666665
D03047,7,262.88,1.0
D05873,12,262.84999999999997,2.0
D09832,9,262.83000000000004,2.0
D01203,9,262.83,2.0
D00905,8,262.81,5.0
D07342,8,262.79,2.3333333333333335
D03671,12,262.76000000000005,4.0
D04836,12,262.75,2.0
D04600,12,262.75,3.3333333333333335
D00917,11,262.74,1.6
D05455,8,262.73,3.5
D05838,12,262.71000000000004,2.6666666666666665
D05162,9,262.66999999999996,2.0
D09698,10,262.63,3.5
D05194,8,262.60999999999996,3.3333333333333335
D03128,10,262.59000000000003,3.5
D02634,8,262.56,2.6
D03336,8,262.53000000000003,4.0
D01684,7,262.51,3.0
D04285,9,262.33,3.25
D05452,9,262.32,2.5
D01076,11,262.3,3.0
D03938,10,262.28000000000003,1.0
D06037,7,262.27000000000004,4.0
D08560,9,262.26,3.3333333333333335
D03181,12,262.25,3.3333333333333335
D06081,8,262.25,2.2
D05563,9,262.24,5.0
D03844,9,262.2,3.3333333333333335
D08855,11,262.2,3.0
D06157,8,262.18,3.3333333333333335
D08006,11,262.18,5.0
D06415,11,262.14,2.3333333333333335
D03445,7,262.08,1.6666666666666667
D06701,10,262.01,3.0
D08167,10,262.0,4.0
D06927,11,261.97,4.75
D01702,7,261.91999999999996,2.6666666666666665
D03447,11,261.89,2.0
D09633,8,261.85,3.0
D07437,9,261.83000000000004,4.0
D04006,7,261.82,2.75
D01620,8,261.81,3.75
D01617,12,261.76,3.8
D08018,10,261.71000000000004,3.3333333333333335
D01537,10,261.69,1.6666666666666667
D00436,9,261.67999999999995,3.0
D08918,6,261.67,3.3333333333333335
D03791,8,261.58,3.3333333333333335
D03509,8,261.57,3.25
D05535,9,261.52,5.0
D02712,12,261.48,3.5
D09752,12,261.44,3.0
D08861,6,261.44,2.0
D06568,10,261.42,
D04806,8,261.42,2.0
D04512,11,261.39,2.3333333333333335
D05762,10,261.33,3.0
D07715,9,261.32,3.5
D04204,14,261.32,3.75
D06459,13,261.26,3.0
D06706,9,261.25,3.0
D04752,10,261.2,4.333333333333333
D09366,10,261.18,2.5
D00079,12,261.17,4.333333333333333
D05440,8,261.16,2.2
D09785,10,261.13,1.0
D03372,10,261.10999999999996,3.5
D08423,7,261.07,
D08799,10,261.06,2.6666666666666665
D01105,9,260.97,4.5
D01344,14,260.97,4.0
D06443,9,260.96999999999997,1.6666666666666667
D08942,10,260.93,3.6666666666666665
D08895,7,260.89,4.0
D08480,11,260.87,2.5
D08600,11,260.85,2.5
D02378,8,260.82,2.3333333333333335
D04789,9,260.8,2.0
D07835,10,260.8,2.8
D03071,7,260.78999999999996,3.5
D03408,8,260.66999999999996,4.5
D08488,12,260.62,2.3333333333333335
D01768,9,260.56000000000006,2.3333333333333335
D05722,6,260.5,3.6
D02793,9,260.49,1.0
D01229,10,260.49,1.0
D00919,11,260.44,2.25
D06587,9,260.43,2.3333333333333335
D07100,11,260.4,3.6666666666666665
D09963,11,260.38,4.0
D01643,10,260.38,1.0
D01403,11,260.34,1.0
D06164,10,260.31999999999994,3.8
D08292,8,260.28999999999996,4.0
D00540,7,260.28999999999996,3.0
D05268,12,260.26,4.0
D08442,7,260.22999999999996,4.25
D03289,9,260.22,3.0
D04267,9,260.21,2.5
D06553,10,260.1,3.6666666666666665
D06797,11,260.09,2.0
D03326,9,260.08000000000004,2.6666666666666665
D07594,8,260.06,3.25
D01249,10,260.02,4.0
D06314,11,260.01,2.75
D03149,11,259.99,3.0
D00770,12,259.93999999999994,2.5
D02502,11,259.93,2.4
D07002,10,259.86,2.3333333333333335
D00946,10,259.84000000000003,3.0
D05397,6,259.82,5.0
D02560,11,259.82,3.5
D04741,8,259.74,4.0
D07242,7,259.72,3.0
D06997,8,259.5,3.5
D09976,10,259.48,3.0
D07922,10,259.47,4.0
D02343,9,259.43,4.0
D05311,10,259.4,2.3333333333333335
D05772,10,259.38,5.0
D09926,10,259.31,2.5
D01355,8,259.31,3.0
D00857,10,259.26,3.6666666666666665
D04042,8,259.22,1.0
D04550,8,259.19,2.0
D02200,10,259.15,5.0
D03208,9,259.12,2.3333333333333335
D07990,12,259.09999999999997,1.3333333333333333
D08896,8,259.08,3.3333333333333335
D05215,10,259.05999999999995,1.0
D01162,12,259.05999999999995,2.6666666666666665
D05036,9,259.03999999999996,3.3333333333333335
D03233,6,258.99,1.0
D00117,8,258.99,3.0
D07881,9,258.99,2.0
D01518,8,258.96999999999997,3.3333333333333335
D03441,10,258.96,3.0
D02257,9,258.95,3.0
D06774,9,258.92,3.0
D08877,10,258.91,3.0
D04563,8,258.87,4.0
D04183,11,258.87,4.0
D07011,8,258.87,2.0
D08269,7,258.84000000000003,3.2
D09378,8,258.82,3.5
D07868,7,258.81,2.0
D09065,9,258.77,1.8333333333333333
D07367,12,258.77,3.6666666666666665
D05298,11,258.76,1.6666666666666667
D08463,9,258.63,2.6666666666666665
D05988,11,258.62,3.0
D07543,10,258.59,4.0
D08373,11,258.54,3.4
D00854,11,258.5,2.2
D08712,12,258.49,2.25
D08639,7,258.46,
D05653,8,258.38,2.3333333333333335
D07858,9,258.37,3.5
D04356,14,258.36,4.333333333333333
D09418,10,258.31,2.5
D04257,10,258.29,2.6666666666666665
D03904,9,258.24,2.5
D07891,9,258.10999999999996,2.3333333333333335
D01023,12,258.09999999999997,2.5
D06390,8,258.08000000000004,3.0
D06802,9,258.03,2.3333333333333335
D02815,6,257.88000000000005,2.5
D06030,9,257.85,1.0
D00937,7,257.84000000000003,4.0
D02722,8,257.83000000000004,2.6666666666666665
D06353,9,257.83,5.0
D01599,11,257.81,2.6
D08364,9,257.8,2.5
D04294,8,257.73,3.5
D05544,10,257.69,3.75
D03165,10,257.66999999999996,2.6666666666666665
D08490,9,257.64,2.0
D05366,11,257.59000000000003,2.75
D01436,8,257.56,2.0
D00402,9,257.56,4.5
D05870,8,257.44,4.666666666666667
D01847,7,257.39,3.0
D04576,8,257.37,3.5
D01792,9,257.29,1.0
D00197,7,257.26,1.75
D00255,8,257.26,2.5
D04952,8,257.25,3.0
D04112,11,257.23,3.0
D01416,13,257.17,3.0
D04580,7,257.09000000000003,3.0
D08362,9,257.04999999999995,2.6666666666666665
D03653,9,257.03999999999996,4.666666666666667
D07779,13,257.03,2.8333333333333335
D01697,8,257.02,3.0
D08898,9,257.01,4.0
D01793,10,257.0,1.5
D07524,10,256.97,2.0
D08385,11,256.95,3.5
D02632,8,256.95,3.75
D02881,11,256.90999999999997,3.25
D09148,9,256.88,2.5
D05175,11,256.87,4.333333333333333
D04985,9,256.8,3.6
D00771,7,256.8,4.0
D07637,7,256.79999999999995,3.3333333333333335
D06170,6,256.77,3.3333333333333335
D08246,9,256.74,3.0
D08193,10,256.74,2.6666666666666665
D06528,9,256.65000000000003,2.0
D08487,8,256.65,2.5
D07141,10,256.63,1.5
D01950,9,256.59000000000003,2.4
D03694,7,256.57,2.5
D05075,10,256.56,1.0
D00739,13,256.53000000000003,3.2
D00511,7,256.52,2.5
D09122,11,256.44,3.0
D03751,11,256.39,2.3333333333333335
D02568,9,256.39,3.0
D05622,8,256.36,4.0
D09454,12,256.34999999999997,3.0
D06243,8,256.32000000000005,1.0
D04238,9,256.27000000000004,3.0
D07182,12,256.27,1.0
D02765,8,256.23,2.3333333333333335
D08805,8,256.20000000000005,3.0
D09319,13,256.2,2.0
D06468,9,256.19,4.0
D00981,12,256.15999999999997,2.6666666666666665
D09880,14,256.15000000000003,2.5
D08873,11,256.12,4.5
D07975,10,256.1,2.0
D09081,6,256.07000000000005,3.5
D02776,9,256.01,3.0
D06169,7,255.97,4.0
D07459,14,255.94,3.25
D05172,10,255.92000000000002,4.0
D05275,12,255.92000000000002,3.6666666666666665
D01693,8,255.92,3.5
D05039,9,255.89999999999998,3.0
D06541,10,255.87,3.0
D05364,11,255.87,4.0
D02292,10,255.82000000000002,3.3333333333333335
D06581,10,255.79,2.6666666666666665
D05142,10,255.73,3.0
D08491,9,255.64999999999998,3.5
D04736,9,255.61,3.5
D00443,11,255.60999999999996,2.0
D07292,9,255.6,3.5
D04317,10,255.59,3.3333333333333335
D07905,9,255.51000000000002,2.75
D09636,9,255.51,4.0
D03793,8,255.49,1.5
D01088,8,255.49,3.4
D00012,9,255.48999999999998,2.4
D02862,10,255.48000000000002,2.75
D09519,8,255.45000000000002,3.0
D08180,11,255.43,1.5
D03790,11,255.4,4.0
D09049,8,255.39,5.0
D02836,10,255.37,4.0
D03815,10,255.35999999999999,3.5
D07581,8,255.32999999999998,3.4285714285714284
D00230,8,255.32,4.0
D06887,9,255.29,3.0
D02532,10,255.26,4.5
D04271,7,255.25,3.5
D09351,9,255.17000000000002,3.0
D09872,9,255.15,1.6666666666666667
D01464,9,255.08999999999997,4.5
D09791,6,255.07999999999998,3.6666666666666665
D09562,10,255.06,3.0
D03053,8,255.03,3.25
D04144,10,255.02,
D02372,10,255.01,2.0
D01587,11,255.01,3.3333333333333335
D02311,8,255.01,2.0
D04814,9,255.0,2.6666666666666665
D07290,11,254.98000000000002,1.6666666666666667
D04222,12,254.91,3.5
D00092,10,254.91,2.75
D00558,10,254.88,3.3333333333333335
D02286,10,254.82000000000002,3.5
D07645,9,254.81,2.5
D02060,8,254.78,5.0
D08757,8,254.77999999999997,2.75
D07293,7,254.74,
D07555,7,254.71,2.5
D00882,13,254.67999999999998,3.2
D09616,8,254.67000000000002,1.6666666666666667
D08007,7,254.64,3.2
D00602,8,254.63000000000002,2.0
D04786,10,254.63,2.0
D00877,11,254.56,3.6666666666666665
D04234,9,254.51999999999998,3.5
D08076,7,254.46,3.0
D08534,9,254.38,3.0
D02436,7,254.36,5.0
D07082,8,254.31,4.333333333333333
D05729,12,254.29999999999998,3.4
D05340,10,254.24,3.0
D02182,14,254.21,2.3333333333333335
D01838,9,254.20999999999995,2.6666666666666665
D04329,9,254.18999999999997,4.0
D03955,9,254.18,3.0
D01548,11,254.17999999999998,4.666666666666667
D03226,7,254.16,3.0
D01890,7,254.08999999999997,3.0
D06616,9,253.99,3.4
D00870,9,253.98,2.0
D03906,8,253.88,5.0
D07186,8,253.85,3.0
D01794,8,253.77,3.5
D01430,10,253.70999999999998,4.0
D00545,8,253.69,1.6666666666666667
D04626,8,253.65,2.0
D02059,9,253.63,3.25
D06481,10,253.62000000000003,5.0
D04801,13,253.62,2.0
D04103,8,253.59,1.6666666666666667
D03960,10,253.55,2.0
D09921,11,253.55,3.0
D03835,11,253.53,2.0
D06996,9,253.52000000000004,1.0
D06809,10,253.48000000000002,4.0
D07124,10,253.46,3.0
D07281,11,253.44,1.0
D09810,11,253.40999999999997,2.3333333333333335
D02980,9,253.38,3.6666666666666665
D09213,11,253.34,3.4
D07564,7,253.33,
D09096,9,253.32999999999998,3.6
D09012,8,253.32,3.5
D07730,8,253.3,3.0
D01428,7,253.29000000000002,3.25
D02442,12,253.28999999999996,2.8333333333333335
D09105,10,253.26,3.0
D07498,10,253.25,5.0
D09890,11,253.24,3.0
D06262,11,253.21,4.333333333333333
D09846,7,253.16,2.5
D06930,8,253.14000000000001,1.0
D06326,12,253.12,2.8333333333333335
D01299,10,253.12,2.5
D06713,10,253.07999999999998,3.0
D02304,9,253.06000000000003,4.333333333333333
D05664,7,253.05,5.0
D04922,11,253.0,2.25
D04664,10,252.99,3.0
D01064,8,252.92999999999998,4.0
D02857,8,252.92,3.6
D00110,12,252.91000000000003,3.5
D05518,9,252.86,3.5
D02786,10,252.82,1.0
D01990,8,252.82,1.0
D05159,10,252.81999999999996,2.5
D07693,9,252.79000000000002,1.5
D03292,8,252.76999999999998,3.3333333333333335
D07137,11,252.69,3.6666666666666665
D01611,9,252.69,2.2
D03520,8,252.65,2.3333333333333335
D08734,9,252.63,3.0
D01115,10,252.59999999999997,3.3333333333333335
D08700,9,252.58999999999997,3.75
D04667,7,252.58000000000004,3.0
D09646,10,252.53,2.6666666666666665
D02549,7,252.51999999999998,3.5
D06795,10,252.51999999999998,3.0
D07950,10,252.51,3.75
D07759,10,252.49000000000004,2.0
D09632,9,252.4,3.3333333333333335
D05998,10,252.29999999999998,3.0
D02629,10,252.26000000000002,3.3333333333333335
D01026,11,252.25,2.3333333333333335
D08768,10,252.25,3.0
D05700,9,252.24000000000004,1.25
D02867,9,252.21,4.5
D06089,9,252.18999999999997,
D07548,7,252.18,3.0
D00152,11,252.18,3.3333333333333335
D01952,10,252.1,3.0
D08522,10,252.06999999999996,3.3333333333333335
D05656,7,252.05,4.2
D07194,11,252.03,3.4
D00100,10,252.02999999999997,1.5
D07801,8,252.0,4.333333333333333
D05385,11,251.98999999999998,2.8
D09004,10,251.95,2.8
D04863,11,251.91000000000003,3.0
D07040,11,251.90999999999997,3.0
D00031,8,251.87,3.0
D07496,9,251.87,4.0
D00760,10,251.87,4.25
D07037,10,251.83999999999997,5.0
D01790,9,251.8,3.0
D04976,7,251.79999999999998,2.0
D09635,11,251.78999999999996,4.0
D00891,9,251.78,3.5
D05991,8,251.76999999999998,2.0
D06687,9,251.76000000000002,3.2
D02806,10,251.73,4.0
D09289,7,251.65999999999997,4.0
D08357,13,251.64000000000001,1.0
D06646,9,251.64000000000001,2.6666666666666665
D04041,8,251.59000000000003,2.0
D04701,9,251.58,2.3333333333333335
D01107,10,251.57999999999998,3.0
D06720,11,251.53,1.3333333333333333
D04838,8,251.48000000000002,2.5
D07774,12,251.46,4.0
D03750,8,251.41000000000003,3.25
D03829,10,251.41,3.3333333333333335
D03456,6,251.39000000000001,4.0
D03524,10,251.34,2.0
D09572,10,251.32999999999998,4.5
D09692,9,251.32,3.3333333333333335
D01418,10,251.29999999999998,4.0
D04964,7,251.27,1.3333333333333333
D02876,11,251.27,2.5
D01289,7,251.21,5.0
D00461,5,251.18,3.5
D03984,7,251.13999999999996,1.0
D03666,8,251.11,3.5
D07451,8,251.10999999999999,1.0
D08414,9,251.09999999999997,4.25
D00863,6,251.09,
D00415,8,251.05,3.6666666666666665
D05860,9,251.05,
D06099,10,251.04,3.0
D03907,8,251.04,2.0
D03769,5,251.01999999999998,3.0
D05840,9,251.0,3.1666666666666665
D09648,8,250.91,3.3333333333333335
D08251,10,250.79,3.3333333333333335
D07045,10,250.77999999999997,3.0
D01618,8,250.76999999999998,3.0
D05595,8,250.76,1.8
D07592,11,250.75,2.4
D09696,8,250.72,3.0
D08459,9,250.66000000000003,2.6666666666666665
D05644,10,250.63,2.0
D07805,11,250.61,2.1666666666666665
D02499,10,250.60999999999999,2.5
D09020,10,250.55,5.0
D00276,9,250.55,3.0
D03066,8,250.53000000000003,5.0
D06569,7,250.52,2.5
D06298,12,250.49,2.6666666666666665
D09663,10,250.45,3.0
D04424,7,250.39999999999998,3.5
D02407,10,250.39,3.0
D08673,11,250.38000000000002,4.75
D03496,7,250.37000000000003,1.0
D07828,9,250.35,4.0
D08735,10,250.3,2.857142857142857
D04864,10,250.28,1.6666666666666667
D09655,10,250.27000000000004,
D06227,10,250.23,2.0
D05647,9,250.20999999999998,2.0
D01041,7,250.20000000000002,4.0
D09455,12,250.20000000000002,2.5
D03319,8,250.2,4.25
D04901,6,250.14000000000001,3.0
D08137,7,250.11,2.25
D06284,8,250.07999999999998,3.0
D08782,10,250.04999999999998,3.0
D08282,10,250.04,4.5
D01889,9,250.01,3.4
D06885,9,250.0,3.0
D07362,8,250.0,3.25
D08049,8,250.0,2.0
D07586,7,249.95,2.0
D07331,8,249.93,
D07069,10,249.92000000000002,3.0
D01966,10,249.89000000000001,3.5
D08827,8,249.84,2.5
D00017,9,249.83999999999997,2.5
D06112,8,249.83999999999997,4.333333333333333
D02751,9,249.81999999999996,3.5
D08992,8,249.81,3.0
D09127,6,249.76999999999998,5.0
D07456,9,249.76999999999998,2.6666666666666665
D06363,10,249.63,3.0
D07494,10,249.63,3.142857142857143
D04316,9,249.62,3.5
D05850,9,249.61,3.0
D01495,10,249.58999999999997,
D06434,10,249.56999999999996,2.0
D02162,11,249.5,2.0
D09651,8,249.38,4.0
D08484,10,249.38,2.3333333333333335
D08117,8,249.36,4.0
D04187,9,249.36,5.0
D01732,8,249.33,2.2
D01363,12,249.32,3.0
D04766,9,249.31000000000003,4.0
D01648,13,249.3,3.0
D01374,9,249.26999999999998,3.0
D04028,9,249.24,2.5
D09891,10,249.12,3.8
D00555,9,249.11,3.0
D09331,8,249.09,1.5
D04013,11,249.08,
D08286,12,249.05,
D08185,10,249.05,2.0
D00445,9,249.01000000000002,3.2857142857142856
D03171,9,248.96,4.333333333333333
D02912,9,248.92000000000002,3.0
D00205,9,248.89999999999998,4.0
D08192,9,248.85,3.6666666666666665
D09527,7,248.84000000000003,1.5
D05057,7,248.83999999999997,3.5
D03853,6,248.82999999999998,4.333333333333333
D03436,8,248.69,3.5
D00879,9,248.58999999999997,5.0
D09652,17,248.54,3.5
D00682,6,248.48000000000002,3.0
D08256,9,248.48,5.0
D05734,10,248.45,2.0
D07516,13,248.43,3.25
D04557,8,248.39000000000004,
D00743,9,248.32999999999998,3.0
D05829,8,248.31,3.0
D06564,11,248.29999999999998,3.0
D04290,7,248.22000000000003,3.0
D01061,7,248.20000000000002,4.75
D01736,9,248.17,4.5
D04688,10,248.14,2.0
D08777,9,248.13,2.0
D08054,14,248.1,2.25
D09108,6,248.07,4.5
D02516,10,248.04000000000002,3.6666666666666665
D08969,10,248.03,
D06297,7,248.02999999999997,3.4
D03055,11,247.98999999999998,2.75
D06531,6,247.91,3.0
D01708,8,247.89,3.4
D05121,7,247.87,3.4
D00490,8,247.83000000000004,2.5
D09173,8,247.77000000000004,2.0
D04945,11,247.71000000000004,3.0
D03283,9,247.7,2.5
D03022,7,247.68,3.0
D03427,10,247.52999999999997,3.0
D09799,8,247.5,1.0
D06766,8,247.45,3.75
D05744,9,247.45,3.0
D05930,9,247.41000000000003,2.3333333333333335
D04813,10,247.38,2.3333333333333335
D02419,8,247.38,2.5
D00514,10,247.37,3.0
D00622,8,247.37,2.5
D03108,10,247.35,2.5
D05473,15,247.26,4.0
D08619,9,247.26,3.6666666666666665
D03722,8,247.25,4.0
D04532,10,247.21,2.3333333333333335
D08375,8,247.14,1.5
D01431,9,247.13,2.8
D06267,7,247.06999999999996,3.0
D03894,7,247.04000000000002,3.25
D04477,8,246.98,3.4
D03781,7,246.96,2.25
D03782,8,246.94,2.0
D00013,16,246.87,4.0
D00884,9,246.81,3.25
D00846,9,246.81,1.0
D05381,8,246.80999999999997,3.0
D06722,10,246.79999999999998,2.25
D00327,11,246.76,4.0
D08821,7,246.75000000000003,3.0
D09431,13,246.70999999999998,3.3333333333333335
D07910,12,246.66,2.6666666666666665
D06768,9,246.63,2.0
D07509,7,246.56999999999996,2.0
D07460,11,246.54999999999998,2.4285714285714284
D02073,9,246.42000000000002,4.0
D09554,11,246.41000000000003,3.75
D08566,7,246.35,3.0
D01786,9,246.29000000000002,3.0
D04882,9,246.28,1.0
D09754,11,246.25,3.0
D08766,6,246.2,1.0
D00548,9,246.19,3.0
D09266,8,246.11,3.25
D02336,7,246.10000000000002,3.3333333333333335
D01149,13,246.07000000000002,1.5
D03355,11,246.06,3.6
D08115,9,246.05,3.3333333333333335
D03056,8,246.03999999999996,3.3333333333333335
D08618,9,246.00000000000003,2.5
D01699,8,245.97999999999996,2.5
D05931,6,245.82999999999998,4.0
D04924,11,245.81,3.6
D02055,11,245.79999999999998,3.1666666666666665
D00748,9,245.75000000000003,1.0
D00841,6,245.74,2.6666666666666665
D09211,7,245.73000000000002,3.0
D04674,10,245.73,3.5
D08164,11,245.67999999999995,3.6666666666666665
D06438,10,245.63,2.6666666666666665
D01833,12,245.63,4.333333333333333
D08515,8,245.60000000000002,3.25
D09014,10,245.55000000000004,2.6666666666666665
D07425,12,245.55,2.75
D07798,8,245.54000000000002,2.5
D00928,9,245.51000000000002,4.5
D04672,11,245.49,2.5
D07982,8,245.43,2.6666666666666665
D08633,6,245.41000000000003,4.333333333333333
D07884,8,245.39000000000001,5.0
D08410,7,245.32,1.3333333333333333
D08640,11,245.3,2.5
D01171,8,245.28,5.0
D00699,10,245.21,4.0
D06762,9,245.18,1.5
D08840,8,245.13000000000002,2.0
D09054,11,244.97,3.75
D08912,11,244.93,2.5
D09109,8,244.88,4.0
D01477,10,244.86,3.25
D01745,8,244.85000000000002,4.0
D00765,9,244.85,2.5
D06955,9,244.77000000000004,4.5
D09247,10,244.74,2.3333333333333335
D08774,10,244.74,3.0
D02979,9,244.73,5.0
D02476,12,244.7,3.3333333333333335
D07162,10,244.69,3.6666666666666665
D04883,7,244.69,3.3333333333333335
D07383,9,244.67,3.0
D08435,10,244.66,2.8
D08671,9,244.64,3.0
D07649,8,244.63000000000002,4.0
D07129,7,244.59,3.0
D05735,10,244.54000000000002,3.0
D09208,7,244.5,3.0
D07105,9,244.48999999999998,1.0
D05074,8,244.47000000000003,2.5
D09869,10,244.44000000000003,2.6666666666666665
D05091,7,244.42,3.0
D01384,8,244.36,3.0
D06000,7,244.34,1.0
D03580,8,244.34,3.0
D03376,10,244.27999999999997,1.6666666666666667
D04868,7,244.22000000000003,3.0
D08687,8,244.11,4.0
D02063,10,244.1,2.0
D01517,11,244.08000000000004,1.5
D07841,8,244.03,2.75
D07319,10,244.02,2.6
D09129,9,243.95999999999998,5.0
D04820,6,243.94,2.5
D09734,9,243.90999999999997,2.1666666666666665
D07317,8,243.89000000000001,2.5
D07007,10,243.84,2.6666666666666665
D07851,11,243.82999999999998,3.3333333333333335
D09863,10,243.8,3.4
D00658,9,243.75,2.25
D05248,6,243.73999999999998,4.5
D08964,7,243.73000000000002,1.3333333333333333
D07122,6,243.68,2.0
D01324,9,243.68,1.0
D08839,7,243.65,1.0
D05304,7,243.65,5.0
D03284,8,243.64,3.0
D02188,8,243.63000000000002,3.0
D03538,9,243.55,1.6666666666666667
D06126,8,243.51,4.0
D06189,11,243.51,2.5
D08920,7,243.5,3.6666666666666665
D01262,6,243.5,4.5
D02610,9,243.47999999999996,1.6666666666666667
D09139,7,243.46,2.75
D06758,10,243.45999999999998,2.5
D07416,12,243.40999999999997,2.75
D06782,8,243.38000000000002,2.5
D07639,13,243.38,3.0
D07339,12,243.33,4.0
D04855,9,243.28,2.0
D06114,8,243.23000000000002,2.0
D09993,7,243.22,1.3333333333333333
D02490,9,243.22,3.3333333333333335
D05938,10,243.21,3.6666666666666665
D04932,10,243.16000000000003,2.0
D03617,9,243.11,2.75
D09945,7,243.04,3.0
D08078,10,243.02,2.8
D02264,11,243.01999999999998,3.6666666666666665
D09913,10,243.0,2.5
D00799,8,242.95999999999998,2.6
D03756,10,242.92000000000002,1.8
D06253,9,242.89000000000001,2.6
D00159,11,242.88000000000002,3.3333333333333335
D08928,8,242.88,2.5
D04036,11,242.84999999999997,3.75
D01835,9,242.84,3.0
D09586,10,242.83,4.0
D05562,12,242.82000000000002,4.0
D07569,8,242.77999999999997,3.0
D03304,10,242.77999999999997,3.2
D08788,9,242.77,3.75
D03738,10,242.73,3.3333333333333335
D05555,10,242.72999999999996,2.75
D05144,9,242.70999999999998,1.3333333333333333
D06527,7,242.70999999999998,2.75
D09771,7,242.70000000000005,3.5
D04654,10,242.67000000000002,2.6
D03626,12,242.67,1.75
D03504,9,242.57,4.0
D05868,7,242.56,3.0
D04910,8,242.46999999999997,3.6666666666666665
D04625,8,242.39,3.5
D04825,7,242.35999999999999,3.5
D02783,9,242.32000000000002,3.3333333333333335
D04853,8,242.29000000000002,3.6
D04858,8,242.26999999999998,4.0
D03669,11,242.26,2.6666666666666665
D04306,7,242.24,3.3333333333333335
D04613,9,242.22000000000003,4.0
D00280,11,242.16,2.8
D03385,9,242.15000000000003,1.0
D07644,8,242.08,3.5
D04876,8,242.05,4.0
D00128,10,242.03,2.6666666666666665
D08849,9,242.02,5.0
D02406,10,242.02,2.5
D01282,9,242.01999999999998,2.0
D08858,9,241.97,3.0
D07582,9,241.96999999999997,2.4
D00634,12,241.95,3.2857142857142856
D08190,8,241.94,2.0
D01926,9,241.92000000000002,3.5714285714285716
D03225,8,241.9,2.5
D05249,7,241.89,4.0
D07003,12,241.88,3.0
D05081,10,241.87,4.333333333333333
D05059,7,241.87,1.5
D03294,11,241.76,2.5
D08009,11,241.76,3.3333333333333335
D06057,7,241.72000000000003,3.3333333333333335
D01284,8,241.71999999999997,1.75
D01879,9,241.63,3.5
D06743,10,241.6,1.0
D06875,8,241.59,4.0
D06582,9,241.57999999999998,3.2
D00800,9,241.56,2.6
D04770,8,241.53000000000003,3.0
D05623,9,241.46,3.75
D03878,9,241.45999999999998,3.0
D01316,10,241.41,3.0
D02100,9,241.40000000000003,4.0
D01212,9,241.39999999999998,2.6666666666666665
D03921,12,241.32000000000002,3.25
D01296,11,241.31,3.8
D06118,10,241.26,2.5
D09507,11,241.25,3.0
D06831,7,241.23,2.6666666666666665
D08775,10,241.21000000000004,5.0
D03767,10,241.17000000000002,2.0
D08043,11,241.16,3.0
D03629,11,241.14999999999998,2.6666666666666665
D04592,7,241.09000000000003,4.0
D01758,10,241.03,3.0
D05420,6,241.02,3.0
D05786,8,241.01999999999998,3.0
D07052,8,241.01999999999998,3.6666666666666665
D03457,10,241.01999999999998,3.0
D05195,9,241.01000000000002,2.0
D03123,10,241.0,3.5
D00467,8,240.98000000000002,3.75
D03390,11,240.97999999999996,3.0
D06876,10,240.89999999999998,2.0
D09002,13,240.89000000000001,4.25
D09203,9,240.88,2.0
D08116,13,240.83999999999997,3.5
D00160,11,240.82000000000002,4.0
D08678,10,240.81,3.3333333333333335
D05666,11,240.79999999999998,3.2
D05386,7,240.79,2.5
D09637,7,240.73,2.0
D05178,6,240.71999999999997,1.5
D06850,7,240.68,3.0
D08925,8,240.64000000000001,3.5
D05671,10,240.62,2.25
D06514,6,240.57,
D00002,9,240.56,4.5
D09807,8,240.56,3.5
D05259,8,240.54000000000002,2.5
D05154,7,240.54,4.25
D01909,8,240.52999999999997,4.5
D02543,10,240.51,4.5
D01760,12,240.49999999999997,2.4
D09478,9,240.47,2.0
D07481,11,240.42000000000002,2.8333333333333335
D07666,11,240.3,3.0
D01858,8,240.28000000000003,2.0
D05379,6,240.22,3.0
D04691,9,240.21,
D07461,7,240.19,2.0
D04874,10,240.19,3.0
D08025,9,240.07000000000002,4.0
D07567,8,240.06,3.6666666666666665
D06757,9,240.04999999999998,3.5
D06403,11,240.04,3.5
D02102,5,240.02,
D00925,8,240.00000000000003,4.0
D01087,8,239.94,3.0
D05061,9,239.9,
D03362,10,239.9,4.5
D02621,8,239.89999999999998,3.0
D06920,11,239.88,2.2
D07430,10,239.87000000000003,4.4
D06707,8,239.85999999999999,2.5
D04098,12,239.84,1.0
D04215,10,239.82999999999998,3.5
D02107,7,239.82,3.3333333333333335
D09229,5,239.82,2.5
D02607,9,239.76,1.0
D06503,8,239.67999999999998,3.25
D08867,10,239.66,3.25
D06810,10,239.65000000000003,2.8
D07566,10,239.64999999999998,2.0
D07438,9,239.59,3.3333333333333335
D03204,8,239.56,2.5
D09757,9,239.5,3.0
D08605,8,239.5,2.25
D09650,10,239.48000000000002,5.0
D03423,8,239.48,3.2
D03808,9,239.44999999999996,3.0
D09397,7,239.43,1.0
D04683,9,239.43,3.6666666666666665
D09844,7,239.39,1.6666666666666667
D05533,7,239.33999999999997,2.0
D04921,8,239.33,3.0
D00001,8,239.32999999999998,4.0
D07903,8,239.31999999999996,3.6666666666666665
D08183,7,239.31,2.0
D01230,10,239.27,5.0
D04199,10,239.25,3.6666666666666665
D05264,8,239.25,4.0
D01292,7,239.18,3.6666666666666665
D08756,7,239.12,3.5
D01146,9,239.07999999999998,5.0
D07019,9,239.07999999999998,4.0
D00604,10,239.07,4.5
D09258,12,239.04000000000002,2.8333333333333335
D00673,7,239.03,4.5
D04544,7,238.97000000000003,3.6
D08740,7,238.97,5.0
D09667,8,238.95000000000002,4.0
D05888,7,238.93,2.0
D03301,8,238.89000000000004,1.0
D09822,11,238.88,2.5
D03455,11,238.82999999999998,3.6666666666666665
D07257,8,238.81,1.5
D06664,9,238.78,4.5
D06355,9,238.76999999999998,3.0
D08468,10,238.76,1.6666666666666667
D00477,9,238.70999999999998,4.0
D08138,9,238.7,1.0
D06938,8,238.7,3.0
D00046,12,238.69,3.0
D07300,10,238.68,2.3333333333333335
D02224,10,238.68,3.0
D05759,6,238.67000000000002,5.0
D07030,9,238.63000000000002,3.3333333333333335
D02072,8,238.63000000000002,2.0
D05705,10,238.60000000000002,3.0
D04400,11,238.6,
D05807,11,238.58,2.3333333333333335
D00339,8,238.57999999999998,4.0
D01462,7,238.55,3.6666666666666665
D01370,7,238.51999999999998,1.0
D07108,7,238.51999999999998,3.6666666666666665
D07994,8,238.51000000000002,4.0
D08812,6,238.51,
D05049,6,238.41,3.5
D04721,7,238.38,2.5
D09180,9,238.36999999999998,2.5
D00265,12,238.36,2.8
D08828,8,238.35999999999999,3.5
D05787,7,238.34,3.0
D08085,12,238.33999999999997,2.4
D09593,9,238.33,3.0
D08915,10,238.29999999999998,4.5
D02910,9,238.29,2.75
D01722,9,238.28000000000003,4.333333333333333
D04967,8,238.24,3.0
D00420,9,238.23,2.0
D05584,11,238.19,5.0
D02119,9,238.17,3.4
D00146,10,238.17,2.0
D06808,8,238.16000000000003,3.4
D09521,6,238.14999999999998,3.5
D04765,8,238.12,3.0
D03637,9,238.1,3.0
D02730,7,238.09,3.0
D01765,8,238.06,4.0
D06987,11,238.06,2.0
D05948,9,238.06,2.0
D03146,8,238.05999999999997,2.75
D06813,7,238.05,1.25
D07020,7,238.01000000000002,4.0
D05014,9,237.96999999999997,4.0
D05893,11,237.96,3.0
D03472,9,237.95999999999998,4.0
D02837,6,237.95999999999998,5.0
D09041,6,237.94,5.0
D02995,10,237.88,3.0
D00955,7,237.85999999999999,3.0
D03008,7,237.85999999999999,
D04957,7,237.84999999999997,4.0
D07738,9,237.79,2.5
D09149,9,237.73,4.0
D07384,13,237.7,2.25
D01566,5,237.61,1.0
D05739,12,237.57,2.0
D00137,9,237.55,2.6666666666666665
D05837,11,237.54,2.5
D01407,9,237.53000000000003,3.3333333333333335
D08439,9,237.51999999999998,2.0
D06454,6,237.5,4.5
D06674,9,237.47000000000003,3.2
D00900,8,237.47000000000003,3.0
D09511,6,237.45,2.5
D08627,9,237.45,3.0
D08426,14,237.45,4.0
D06816,10,237.43,3.3333333333333335
D08704,9,237.43,3.6666666666666665
D06035,7,237.43,2.0
D06336,12,237.41000000000003,3.0
D00626,10,237.4,3.0
D03703,10,237.37,4.0
D05806,11,237.36999999999998,3.6666666666666665
D04727,9,237.27,2.6666666666666665
D01378,9,237.22,2.5
D02967,9,237.21,4.0
D09184,8,237.17,3.25
D08656,8,237.16,1.6666666666666667
D09412,11,237.13000000000002,3.0
D09743,9,237.13,4.5
D09753,9,237.12,4.0
D05342,11,237.11,2.8333333333333335
D06408,8,237.11,2.6666666666666665
D04188,6,237.09,3.0
D03614,9,237.06,3.0
D05543,12,237.01999999999998,2.3333333333333335
D00394,8,237.0,2.0
D07436,9,236.97,3.0
D07667,9,236.91,4.0
D05228,8,236.9,4.5
D06398,8,236.88,3.0
D02963,9,236.86999999999998,2.0
D05416,9,236.74,3.75
D07822,6,236.73000000000002,3.0
D07937,9,236.69,4.5
D00066,9,236.66999999999996,2.5
D00957,7,236.62,2.3333333333333335
D08759,8,236.60999999999999,2.0
D05841,11,236.60000000000002,2.3333333333333335
D02737,10,236.6,3.0
D03191,10,236.59000000000003,2.3333333333333335
D05624,9,236.57,
D00183,7,236.51,1.8
D04579,6,236.48,2.5
D02335,9,236.46999999999997,3.75
D03927,8,236.46999999999997,2.6666666666666665
D02949,9,236.44000000000003,4.5
D02389,7,236.39,2.75
D09486,7,236.38,1.0
D05263,7,236.36,2.0
D09303,12,236.35,2.3333333333333335
D06301,8,236.30999999999997,4.333333333333333
D02196,11,236.25,4.0
D05155,6,236.24,2.0
D02764,11,236.23999999999998,5.0
D07539,9,236.20000000000002,4.25
D01642,11,236.18999999999997,2.25
D00020,8,236.16,3.0
D00040,8,236.16,
D08289,7,236.15,
D03957,8,236.14000000000001,2.5
D07005,8,236.09,3.0
D09592,7,236.08999999999997,2.0
D07856,8,236.04,5.0
D03314,9,236.01,4.0
D04092,7,236.0,2.0
D07782,7,236.0,2.6666666666666665
D00405,10,235.97000000000003,3.3333333333333335
D00201,9,235.96999999999997,3.0
D00671,9,235.89999999999998,3.0
D08022,12,235.88,2.75
D02643,10,235.78,4.0
D03112,8,235.77,4.0
D02605,7,235.68,1.5
D05422,7,235.64000000000004,1.5
D04953,8,235.62,
D03333,10,235.61,2.3333333333333335
D01000,9,235.59000000000003,2.5
D02853,7,235.59,2.0
D03306,10,235.56,3.0
D07691,11,235.54,3.5
D01728,8,235.52,2.3333333333333335
D01482,12,235.51000000000002,3.8333333333333335
D05935,5,235.5,3.0
D08295,8,235.45,
D04843,11,235.43,4.5
D03551,8,235.42,
D08931,8,235.35000000000002,3.4
D05523,8,235.32999999999998,2.4
D09253,8,235.32,3.5
D02966,7,235.32,1.5
D02017,7,235.27,4.0
D02571,11,235.24,3.0
D06657,9,235.22000000000003,4.5
D02475,12,235.20000000000002,3.5
D05477,9,235.14999999999998,3.6666666666666665
D08573,8,235.04,3.6666666666666665
D03700,11,235.01999999999998,3.3333333333333335
D08277,8,235.0,2.0
D05639,10,234.97000000000003,3.5
D05325,10,234.79000000000002,4.25
D05686,6,234.79,2.6666666666666665
D02599,8,234.79,2.0
D06672,9,234.78,4.0
D03239,8,234.72999999999996,1.3333333333333333
D02367,10,234.71,3.0
D01984,9,234.64999999999998,2.5
D02907,8,234.64,2.0
D08194,10,234.63999999999996,2.5
D05960,9,234.59999999999997,3.0
D05447,9,234.58999999999997,3.0
D00916,9,234.57999999999998,2.6666666666666665
D01806,8,234.54999999999998,3.0
D00300,12,234.48000000000002,3.5
D04522,8,234.45999999999998,3.0
D01199,6,234.41000000000003,2.6
D08565,8,234.38,2.5
D04109,10,234.33,2.0
D09011,7,234.33,3.0
D08148,8,234.26999999999998,1.0
D06291,8,234.22000000000003,3.2
D03613,7,234.22,
D09809,8,234.18,1.0
D00829,9,234.17000000000002,5.0
D07415,11,234.11,4.0
D02814,9,234.1,3.3333333333333335
D06095,10,234.08,1.0
D02312,11,234.05,2.5
D01245,6,234.01999999999998,
D08670,11,234.01,4.25
D02382,11,233.99,3.25
D06088,10,233.94,2.3333333333333335
D00849,10,233.92000000000002,2.25
D06863,9,233.89999999999998,1.5
D06789,8,233.88,2.4
D06711,10,233.86999999999998,1.8
D05565,8,233.8,5.0
D03709,12,233.76,3.6
D00204,14,233.73999999999998,3.0
D06842,7,233.73,3.6666666666666665
D08966,9,233.72,4.0
D04570,12,233.71000000000004,3.4
D05062,9,233.61,3.0
D05300,11,233.59,3.5
D04826,9,233.57,3.0
D03189,8,233.52,4.0
D06160,7,233.49,1.6666666666666667
D02936,8,233.45000000000002,4.0
D04955,7,233.38,3.0
D04862,9,233.38,1.0
D02333,11,233.32999999999998,4.333333333333333
D06163,11,233.32,3.5
D00318,11,233.31,3.0
D05939,10,233.3,2.0
D03346,6,233.20999999999998,3.0
D04471,7,233.2,2.6666666666666665
D01497,7,233.09,1.0
D01176,9,233.07999999999998,2.5
D00208,9,232.99999999999994,
D08095,9,232.94000000000003,3.0
D05775,6,232.89,3.0
D06134,9,232.86,3.0
D05732,7,232.85999999999999,2.6666666666666665
D00312,9,232.85,2.0
D09191,9,232.83999999999997,2.0
D02415,8,232.8,2.5
D00648,9,232.79,
D04321,9,232.76000000000002,3.0
D08234,9,232.74,4.5
D04367,7,232.73000000000002,5.0
D02022,10,232.72,3.6666666666666665
D04638,10,232.69,3.0
D09236,10,232.69,2.5
D04024,10,232.63,4.5
D05490,12,232.62000000000003,3.0
D09875,8,232.6,4.0
D05790,7,232.56,4.5
D09746,12,232.51999999999998,3.6666666666666665
D08065,9,232.48000000000002,3.6
D02386,8,232.43,1.6666666666666667
D07955,6,232.43,4.5
D08791,8,232.43,4.5
D01163,8,232.39999999999998,4.0
D02670,9,232.39,4.5
D04340,6,232.37,3.75
D01009,9,232.35,3.0
D00127,10,232.33999999999997,2.3333333333333335
D06042,9,232.26000000000002,3.6666666666666665
D01469,8,232.23000000000002,1.75
D06014,8,232.19,1.0
D03828,7,232.18,1.6666666666666667
D05031,8,232.17000000000002,2.5
D01055,6,232.16,3.0
D02537,13,232.14000000000001,2.3333333333333335
D00459,8,232.1,3.5
D02369,9,232.09,4.0
D05368,8,232.07,4.5
D00572,8,232.04000000000002,3.0
D02989,8,232.02999999999997,3.0
D01001,9,231.95000000000002,1.6666666666666667
D01857,8,231.95,3.0
D05502,9,231.95,3.0
D05767,8,231.90000000000003,3.6666666666666665
D03238,10,231.9,4.0
D09776,6,231.87,
D07985,9,231.86,2.0
D09403,8,231.83,
D03809,7,231.79,
D05528,10,231.78,4.0
D04240,12,231.77999999999997,4.5
D04824,9,231.75,4.5
D03198,10,231.74,4.0
D06374,9,231.74,2.5
D02427,6,231.70000000000002,4.5
D07888,14,231.59999999999997,4.333333333333333
D05506,9,231.59,3.6666666666666665
D03217,7,231.57000000000002,3.6666666666666665
D06860,8,231.54,1.0
D08250,9,231.53,1.5
D03449,8,231.51999999999998,3.0
D03115,12,231.5,3.6666666666666665
D08090,9,231.48000000000002,3.25
D08944,9,231.45999999999998,3.0
D00457,8,231.38,3.0
D05238,10,231.35000000000002,2.0
D06708,9,231.33,3.6666666666666665
D06639,9,231.29000000000002,1.8
D06522,7,231.28,2.0
D06880,7,231.23,3.75
D03827,10,231.22999999999996,2.6666666666666665
D03037,11,231.15000000000003,2.4
D01971,8,231.14000000000001,
D01661,10,231.12000000000003,2.6666666666666665
D07638,8,231.10000000000002,3.1666666666666665
D06090,9,231.07999999999998,3.3333333333333335
D06318,9,231.07,1.0
D07251,9,231.01,4.333333333333333
D00357,9,231.0,4.333333333333333
D08596,7,230.98999999999998,2.0
D02905,8,230.98,5.0
D03129,11,230.95000000000002,3.0
D02788,10,230.94,3.0
D04225,6,230.92999999999998,3.6666666666666665
D07887,8,230.90999999999997,1.6666666666666667
D08697,9,230.89,3.0
D09194,7,230.88,3.0
D05241,10,230.85000000000002,1.0
D05789,8,230.85,3.0
D07762,8,230.82999999999998,2.6
D05982,5,230.76,4.0
D05424,14,230.76,3.6666666666666665
D08848,11,230.75,2.8333333333333335
D00286,8,230.75,3.3333333333333335
D02375,7,230.73000000000002,3.3333333333333335
D06218,7,230.72000000000003,3.0
D03677,9,230.71999999999997,4.0
D02267,9,230.68000000000004,4.0
D08255,8,230.64,4.0
D02299,10,230.62999999999997,5.0
D02767,10,230.62,2.75
D08614,10,230.6,3.5
D00715,9,230.57999999999998,1.5
D08894,9,230.55,3.5
D04207,7,230.53,3.5
D08363,11,230.52999999999997,3.0
D06491,7,230.45999999999998,3.0
D03378,9,230.45,1.5
D04608,9,230.42000000000002,3.3333333333333335
D00096,8,230.4,3.8333333333333335
D07115,9,230.37,3.5
D09695,7,230.32999999999998,2.0
D05435,8,230.32,3.3333333333333335
D04019,12,230.3,4.0
D03260,8,230.29,1.75
D01757,8,230.28000000000003,
D05266,10,230.26999999999998,2.5
D00363,11,230.24,1.5
D03291,11,230.22,5.0
D08979,8,230.22,4.0
D03648,6,230.19,3.0
D07909,6,230.16000000000003,2.0
D02056,8,230.15999999999997,4.0
D07028,7,230.13,3.0
D05884,8,230.13,3.6
D02743,8,230.07999999999998,2.0
D03973,8,230.07,
D00364,8,230.05,3.0
D05136,8,230.02,3.75
D04015,9,229.90000000000003,2.5
D05186,9,229.89,3.5
D06366,7,229.85,2.0
D09985,11,229.83,2.1666666666666665
D04059,12,229.82999999999998,2.8
D07278,6,229.81,3.0
D08235,6,229.76,5.0
D08474,7,229.75,4.25
D09120,11,229.74,3.8333333333333335
D07236,10,229.73000000000002,3.5
D07611,7,229.72000000000003,3.25
D01247,8,229.69,3.6666666666666665
D01740,6,229.67,4.5
D07392,10,229.66,1.3333333333333333
D07997,6,229.65999999999997,2.6666666666666665
D03481,9,229.63,2.75
D00752,7,229.62,3.0
D02236,10,229.56,4.0
D00560,6,229.54,1.6666666666666667
D03733,8,229.43,3.0
D06992,9,229.43,4.5
D01063,6,229.31,4.25
D05896,8,229.3,3.75
D08416,11,229.26999999999998,1.8
D01735,7,229.22999999999996,2.6666666666666665
D06178,8,229.22,2.5
D03305,8,229.18,3.0
D03156,7,229.15999999999997,3.5
D01903,8,229.14,3.2
D00825,8,229.12,4.0
D01720,8,229.11,1.0
D06895,10,229.06,4.0
D01332,6,229.01999999999998,1.0
D03555,11,228.97000000000003,3.4
D08749,8,228.95,2.5
D05287,9,228.93,2.5
D09682,9,228.92999999999998,2.0
D07177,10,228.88,4.0
D04829,10,228.87,3.5
D03098,11,228.86,3.6666666666666665
D08668,7,228.86,4.0
D03259,9,228.75,3.0
D00251,7,228.71,3.25
D07397,6,228.64,1.0
D09280,10,228.63,5.0
D06489,9,228.63,4.0
D09918,9,228.62,3.0
D09430,9,228.58,4.333333333333333
D05130,8,228.57,4.0
D07917,11,228.54999999999995,4.0
D01524,8,228.48,4.5
D07770,9,228.43,3.4
D08940,8,228.42000000000002,3.75
D04089,6,228.39,2.0
D01134,11,228.38,2.0
D07747,9,228.34000000000003,2.3333333333333335
D04125,8,228.31,1.5
D01563,8,228.3,3.0
D01852,6,228.3,1.0
D09867,8,228.20000000000002,2.6666666666666665
D09445,13,228.18,2.3333333333333335
D04063,10,228.17000000000002,3.0
D08091,7,228.14,1.5
D04084,9,228.09,2.3333333333333335
D07296,8,228.08,4.0
D08470,9,228.07999999999998,2.5
D06224,7,228.02,3.0
D03418,8,227.98999999999998,4.0
D08690,9,227.92000000000002,3.0
D02622,9,227.89,2.6666666666666665
D01755,7,227.87,2.0
D03997,6,227.85000000000002,3.6666666666666665
D00351,9,227.81,2.5
D08505,5,227.73,3.25
D05925,7,227.7,1.0
D09999,10,227.69,3.0
D09436,8,227.67000000000002,5.0
D02958,9,227.64,2.3333333333333335
D07732,11,227.61,2.5
D09371,13,227.56,3.0
D04527,8,227.54000000000002,3.6666666666666665
D00732,9,227.52999999999997,2.5
D02037,7,227.49,2.0
D06203,8,227.45,3.0
D01405,9,227.44000000000003,4.0
D07407,8,227.42000000000002,3.2
D09442,8,227.35999999999999,3.0
D06349,12,227.35999999999996,3.6666666666666665
D01427,10,227.35,2.8333333333333335
D08900,9,227.29000000000002,2.0
D03594,10,227.28000000000003,4.0
D05924,6,227.24999999999997,
D04323,10,227.22000000000003,4.25
D08008,9,227.20999999999998,4.0
D09653,8,227.19,2.6666666666666665
D09517,9,227.16000000000003,4.5
D04710,8,227.15000000000003,2.6666666666666665
D03131,11,227.14999999999998,2.75
D04107,11,227.10000000000002,3.0
D05065,6,227.10000000000002,2.75
D06948,11,227.08,2.0
D08175,5,227.04,3.0
D08869,11,227.04,4.333333333333333
D03755,8,227.01999999999998,3.6666666666666665
D03606,9,226.95999999999995,3.0
D08276,9,226.93,3.0
D01808,12,226.92000000000002,2.0
D06517,8,226.92,2.6666666666666665
D08699,7,226.92,2.5
D06715,10,226.83999999999997,4.0
D01108,9,226.81,3.0
D08934,8,226.78,2.8333333333333335
D03153,8,226.71999999999997,1.0
D09827,10,226.70999999999998,2.6666666666666665
D02711,7,226.70999999999998,3.0
D07966,10,226.69000000000003,2.75
D02848,8,226.68,2.3333333333333335
D03621,7,226.61,1.0
D01848,10,226.6,4.0
D05160,10,226.58000000000004,3.0
D09647,11,226.56,4.0
D07087,8,226.53,
D02932,9,226.47,2.25
D01974,8,226.47,2.6666666666666665
D08695,9,226.38,4.0
D01473,7,226.38,2.5
D06699,7,226.34,4.333333333333333
D07497,8,226.32999999999998,3.0
D04046,8,226.31,3.5
D04661,8,226.29999999999998,3.0
D04987,9,226.26999999999998,1.0
D04872,9,226.24,2.3333333333333335
D05406,10,226.23999999999998,3.5
D00904,9,226.23000000000002,4.5
D00026,10,226.16,2.0
D06635,11,226.14000000000001,4.333333333333333
D08721,6,226.12000000000003,4.25
D05374,8,226.07,3.3333333333333335
D07940,8,226.06,4.333333333333333
D02528,11,226.04,4.0
D05176,8,226.04,5.0
D06698,11,226.03,2.5
D07330,6,226.01000000000002,3.0
D04687,12,226.0,2.25
D00513,10,225.97,2.3333333333333335
D04082,10,225.94,2.4
D02147,7,225.80999999999997,2.0
D08586,7,225.77,1.3333333333333333
D03428,10,225.74,4.0
D03591,9,225.67000000000002,2.5
D05778,9,225.63000000000002,3.3333333333333335
D01200,10,225.63000000000002,5.0
D07527,9,225.63,4.0
D00376,9,225.61,3.6666666666666665
D06004,8,225.57999999999998,
D08100,9,225.56,3.5
D07601,8,225.54999999999998,2.0
D02618,12,225.51,3.4
D00442,9,225.5,2.6666666666666665
D02334,9,225.49,3.5
D01963,9,225.48000000000002,2.5
D07951,12,225.47,3.6666666666666665
D08731,5,225.45,5.0
D01161,7,225.44000000000003,2.5
D08905,8,225.44,1.5
D06483,8,225.42000000000002,2.5
D09748,11,225.41,4.333333333333333
D05343,7,225.34999999999997,3.0
D06749,9,225.32999999999998,1.6666666666666667
D00224,12,225.32999999999998,3.5
D07234,7,225.29999999999998,
D05894,8,225.26000000000002,2.1666666666666665
D08142,5,225.26000000000002,3.0
D03487,12,225.24,4.0
D05151,8,225.23000000000002,4.0
D00524,8,225.23,3.0
D09548,9,225.20999999999998,4.0
D04548,11,225.20000000000002,2.0
D00703,10,225.18,2.3333333333333335
D06111,12,225.16,3.6666666666666665
D09116,8,225.14,3.25
D09611,10,225.07000000000002,4.0
D00988,8,225.05,3.5
D07751,7,225.04999999999998,3.0
D02116,9,225.03000000000003,3.0
D06778,9,224.98000000000002,1.5
D08038,9,224.96,3.3333333333333335
D07214,9,224.82,3.6666666666666665
D03300,9,224.79999999999998,2.5
D09334,11,224.79000000000002,2.75
D06921,8,224.78000000000003,1.5
D07897,9,224.75,
D03465,10,224.71000000000004,
D06823,9,224.71,3.0
D02865,11,224.69,4.0
D05883,6,224.57999999999998,3.4
D09131,6,224.57000000000002,4.0
D09873,10,224.49,2.0
D06054,8,224.46,2.5
D02692,7,224.45999999999998,1.6666666666666667
D02437,12,224.38999999999996,3.5
D08114,8,224.38,4.0
D01340,8,224.37999999999997,2.3333333333333335
D07560,9,224.28,3.6666666666666665
D08819,15,224.25,1.0
D00015,6,224.23999999999998,4.0
D09233,8,224.23000000000002,3.0
D08179,7,224.19,
D04293,7,224.18,3.3333333333333335
D01641,10,224.10000000000002,3.2
D09185,10,224.08,4.0
D07312,8,224.00000000000003,2.5
D07135,9,223.92000000000002,3.0
D01354,9,223.92,3.0
D01556,7,223.90999999999997,2.6666666666666665
D06677,8,223.88,1.0
D05648,9,223.8,4.5
D06907,9,223.74,3.6666666666666665
D03788,10,223.68,2.8
D08957,9,223.55,3.5
D05661,8,223.51999999999998,3.0
D06136,12,223.44000000000003,3.75
D08784,8,223.38,3.0
D02829,9,223.29,2.3333333333333335
D03572,7,223.26999999999998,3.0
D00326,8,223.23999999999998,3.6666666666666665
D09073,9,223.18,4.333333333333333
D05599,7,223.17999999999998,1.6666666666666667
D05199,7,223.06,1.5
D03079,8,223.02000000000004,5.0
D05845,6,223.02,4.666666666666667
D01900,9,223.01999999999998,3.75
D03605,9,222.99,3.3333333333333335
D01756,7,222.95,1.0
D02488,7,222.94,4.333333333333333
D03798,8,222.92000000000002,4.5
D07561,7,222.9,
D00410,8,222.89000000000001,2.4
D09461,6,222.88,2.0
D09238,10,222.86,2.5
D00549,10,222.84000000000003,4.5
D07686,7,222.84,4.0
D03758,9,222.83,2.5
D06486,8,222.81,3.3333333333333335
D05679,5,222.8,
D09175,10,222.79000000000002,3.0
D09464,9,222.73,4.666666666666667
D00914,10,222.72,2.5
D03689,8,222.70000000000002,3.0
D00542,8,222.66,1.75
D08317,8,222.65,3.3333333333333335
D05219,7,222.60000000000002,2.0
D08615,10,222.59,2.0
D05617,10,222.57,2.8333333333333335
D04832,10,222.56,2.8333333333333335
D07249,7,222.52,3.5
D05429,7,222.51,2.75
D06787,9,222.5,1.5
D04116,6,222.42,
D01739,11,222.39999999999998,2.8
D00624,6,222.39000000000001,3.3333333333333335
D06995,10,222.39,3.6
D01336,7,222.35,3.25
D00641,9,222.26000000000002,1.5
D05951,8,222.25,2.5
D07435,10,222.24,1.0
D03698,10,222.20999999999998,1.6666666666666667
D00447,6,222.19,2.0
D09802,5,222.18000000000004,2.3333333333333335
D02950,10,222.17,3.5
D09617,7,222.14,3.6666666666666665
D00678,8,222.13,3.0
D03052,9,222.11999999999998,3.6666666666666665
D06906,7,222.10000000000002,3.75
D07722,9,222.10000000000002,2.5
D01148,5,222.1,4.0
D06539,8,222.08,3.0
D03343,12,222.07,1.3333333333333333
D05907,5,222.06,3.0
D03597,8,222.03000000000003,5.0
D04025,10,222.01999999999998,3.0
D09024,10,222.01000000000002,3.2
D09902,8,222.01,4.5
D03173,11,222.00000000000003,1.6666666666666667
D08871,9,221.99,4.5
D09815,8,221.97,3.3333333333333335
D04946,9,221.96,3.0
D01653,8,221.96,5.0
D06417,10,221.95999999999998,3.0
D06977,8,221.92000000000002,1.0
D01576,9,221.89000000000001,4.0
D01408,8,221.85,2.5
D08947,8,221.79999999999998,2.5
D05431,8,221.79,4.0
D07240,9,221.70000000000002,1.0
D02471,8,221.69,2.75
D08990,12,221.69,4.0
D00926,9,221.67000000000002,2.5
D06079,9,221.66,3.6666666666666665
D07381,12,221.58999999999997,2.0
D09532,10,221.58,4.5
D04047,7,221.56,1.0
D00154,8,221.53,
D03529,8,221.51000000000002,3.0
D06871,7,221.47,5.0
D09199,6,221.39999999999998,2.0
D06046,8,221.39000000000001,2.0
D02904,9,221.37999999999997,2.0
D06038,10,221.27,3.0
D08642,10,221.23000000000002,3.3333333333333335
D02301,8,221.22000000000003,3.5
D03155,9,221.18,3.4
D07369,9,221.14000000000001,2.0
D01250,10,221.14,4.0
D03046,9,221.10000000000002,3.0
D09269,6,221.07,3.0
D02530,10,220.96999999999997,5.0
D00404,6,220.96,3.6666666666666665
D03932,8,220.95,3.0
D07789,7,220.92000000000002,
D00134,7,220.89999999999998,3.0
D07576,9,220.85000000000002,4.333333333333333
D01824,9,220.84,2.8
D04568,11,220.83999999999997,3.3333333333333335
D07784,9,220.79,1.5
D01140,12,220.74,4.5
D03381,11,220.70999999999998,2.0
D02971,8,220.7,1.0
D00176,6,220.7,4.0
D04370,6,220.64999999999998,3.0
D03308,10,220.62,1.6666666666666667
D02594,9,220.62,
D08814,9,220.61,2.3333333333333335
D09135,7,220.59000000000003,2.0
D02521,9,220.45,3.5
D02383,8,220.42000000000002,
D09956,6,220.42,3.0
D04840,9,220.41,5.0
D02370,7,220.35999999999999,1.6666666666666667
D07057,7,220.32,1.0
D08303,6,220.26999999999998,1.0
D09071,9,220.26,1.0
D00731,9,220.20999999999998,2.0
D08102,9,220.16,2.75
D08645,8,220.11,4.0
D06746,6,220.05999999999997,1.0
D00014,11,220.04999999999998,3.5
D07514,8,220.01,3.0
D05519,9,220.0,3.0
D08977,8,220.0,2.0
D09214,9,219.98999999999998,5.0
D08816,7,219.97000000000003,1.0
D00654,7,219.92,3.5
D05053,10,219.91,3.0
D01846,11,219.89000000000001,3.0
D05605,9,219.87,2.5
D05846,9,219.87,1.3333333333333333
D05257,7,219.86,1.0
D03727,10,219.85,5.0
D06729,8,219.83999999999997,2.75
D07266,11,219.8,4.5
D02613,7,219.65,2.75
D06271,10,219.64000000000001,
D04886,8,219.62,3.5
D07537,7,219.62,3.3333333333333335
D07636,10,219.6,4.5
D01554,7,219.57999999999998,1.5
D06425,7,219.53,1.5
D05174,7,219.52000000000004,3.0
D06620,8,219.48000000000002,3.0
D01358,12,219.47,3.0
D00008,10,219.45000000000002,3.0
D06988,8,219.4,3.5
D03384,10,219.39999999999998,3.3333333333333335
D05339,7,219.39,3.0
D08911,9,219.35000000000002,3.6666666666666665
D05239,8,219.29,2.5
D06145,8,219.23999999999998,2.8
D02974,11,219.23000000000002,2.3333333333333335
D05362,7,219.19000000000003,3.25
D08448,10,219.18,1.0
D06236,9,219.11,2.5
D04142,6,219.1,2.5
D07409,7,219.07999999999998,2.0
D08929,7,219.03,3.0
D06195,10,219.02000000000004,2.0
D08654,10,218.99,1.0
D00121,9,218.89,2.6666666666666665
D00478,6,218.82999999999998,2.0
D03902,8,218.8,2.6666666666666665
D08978,10,218.79999999999998,3.4
D01287,11,218.79000000000002,2.75
D01152,9,218.74,3.3333333333333335
D05110,11,218.72,3.25
D01621,9,218.68,2.0
D04175,9,218.66000000000003,3.0
D06770,14,218.64,2.0
D07504,9,218.63,2.25
D04521,11,218.57000000000002,1.0
D02774,8,218.57,3.0
D02178,10,218.48000000000002,3.25
D07927,8,218.46999999999997,3.0
D03916,9,218.44,3.5
D07445,7,218.44,4.5
D02875,11,218.42000000000002,2.5
D03501,8,218.32999999999998,3.0
D00878,8,218.28000000000003,4.5
D03262,6,218.27999999999997,3.5
D01639,9,218.20999999999998,1.0
D09468,7,218.19000000000003,3.6666666666666665
D01135,7,218.18,2.5
D04232,10,218.17000000000002,5.0
D02255,9,218.15,3.0
D09870,7,218.12,1.0
D01422,6,218.0,2.0
D05908,7,218.0,2.75
D03033,7,217.98000000000002,1.0
D06058,9,217.97,5.0
D01733,8,217.94,2.0
D00465,9,217.86,5.0
D07685,7,217.84,2.0
D02819,8,217.83999999999997,2.0
D02691,9,217.82999999999998,1.8571428571428572
D09022,8,217.78000000000003,3.5
D06469,7,217.68,3.25
D09549,10,217.67,3.8333333333333335
D03547,8,217.62,5.0
D07744,7,217.58,5.0
D06335,10,217.55,2.8
D02473,10,217.54,2.0
D05554,7,217.51999999999998,3.0
D08188,9,217.51000000000002,2.0
D08852,9,217.49,2.75
D01043,8,217.34,5.0
D02707,7,217.32999999999998,2.6666666666666665
D07226,10,217.29000000000002,3.75
D05282,7,217.25,2.5
D07616,8,217.23,1.0
D06853,9,217.19000000000003,2.75
D07350,10,217.17000000000002,3.25
D07767,9,217.17,2.6
D03227,7,217.17,2.0
D08482,7,217.15999999999997,4.0
D06545,10,217.13,3.0
D09005,7,217.11,1.5
D05083,9,217.06,2.25
D08069,7,217.05,2.0
D04111,7,217.0,3.0
D05561,10,216.97,3.6666666666666665
D01501,9,216.94,5.0
D04191,7,216.86,2.0
D06643,8,216.83,4.0
D01215,7,216.82000000000002,3.75
D08755,11,216.82,2.5
D04931,8,216.75000000000003,3.0
D02087,8,216.75,3.0
D04351,6,216.74,3.6666666666666665
D04200,13,216.69,2.0
D02976,10,216.68,3.5
D06965,8,216.66,4.5
D06780,8,216.66,4.5
D01387,7,216.63000000000002,1.5
D01787,9,216.62,2.8
D09197,6,216.57999999999998,3.0
D09250,9,216.46,2.0
D05024,10,216.44,3.3333333333333335
D05321,7,216.4,2.0
D01555,9,216.39999999999998,2.0
D08473,11,216.39,4.333333333333333
D07347,10,216.38,4.4
D06516,8,216.32000000000005,3.0
D04975,8,216.29,4.0
D02646,11,216.26000000000005,2.0
D04350,7,216.25,2.6666666666666665
D04706,9,216.22000000000003,3.0
D00806,11,216.17000000000002,3.0
D02781,7,216.09999999999997,3.5
D05035,8,216.09000000000003,2.0
D06307,8,216.07,3.6666666666666665
D08800,7,216.05,2.75
D06611,7,216.04000000000002,3.6666666666666665
D02965,9,216.04,3.0
D00843,7,215.98,3.6666666666666665
D01478,8,215.93,3.5
D08123,11,215.92,3.6666666666666665
D02682,10,215.89999999999998,3.0
D00922,9,215.89999999999998,2.5
D02258,8,215.84,3.0
D06644,7,215.76,1.6666666666666667
D08946,8,215.76,5.0
D01192,8,215.68,3.5
D03121,8,215.66,4.0
D03742,8,215.65000000000003,5.0
D07334,8,215.61,4.5
D02237,7,215.59999999999997,3.0
D03222,10,215.57999999999998,3.4
D07408,7,215.57,3.25
D00438,6,215.54000000000002,1.75
D04903,9,215.54,
D06775,6,215.51000000000002,3.5
D06558,10,215.48000000000002,4.0
D00569,8,215.45000000000002,
D05147,8,215.38,3.75
D07904,7,215.37,3.0
D03600,8,215.37,4.0
D03467,10,215.36,
D02253,7,215.35,
D02012,11,215.32999999999998,3.2
D07877,8,215.32,2.0
D00218,8,215.26999999999998,2.6
D04218,5,215.25,3.0
D00831,8,215.24,3.0
D00901,9,215.22,4.0
D05126,12,215.2,2.3333333333333335
D08959,8,215.17999999999998,2.8
D05573,9,215.14,2.3333333333333335
D07403,9,215.06,4.0
D09987,8,215.06,2.0
D03344,9,214.98,2.75
D09220,9,214.96,2.3333333333333335
D09287,8,214.9,1.0
D04101,11,214.88,1.0
D05798,8,214.86,3.6666666666666665
D05756,8,214.78,3.5
D08975,8,214.74,5.0
D01504,13,214.68,2.25
D01503,7,214.67000000000002,2.5
D00061,6,214.63,3.2
D09182,9,214.52,3.3333333333333335
D01242,7,214.5,3.5
D03655,9,214.49,2.5
D00221,9,214.48,3.6666666666666665
D03178,10,214.43,3.3333333333333335
D05851,8,214.42,3.0
D03818,9,214.41,2.5
D08872,7,214.38,2.0
D03242,7,214.37,3.5
D00166,9,214.32999999999998,3.5
D04416,9,214.26,3.25
D09023,9,214.22,2.0
D00366,8,214.17999999999998,2.0
D02256,9,214.16000000000003,4.5
D07820,10,214.16000000000003,1.6666666666666667
D01402,8,214.12,2.0
D02547,7,214.10000000000002,3.6666666666666665
D06457,13,213.95,3.0
D07406,11,213.9,
D08012,11,213.89999999999998,1.5
D03154,10,213.88,3.0
D04709,8,213.86,2.0
D08261,8,213.82999999999998,2.5
D05355,10,213.79999999999998,2.0
D05465,9,213.79000000000002,3.5
D05094,8,213.76,4.5
D05715,5,213.75,1.5
D03215,9,213.73000000000002,3.6666666666666665
D00033,9,213.73,2.5
D01197,7,213.72,2.3333333333333335
D00043,8,213.7,2.6666666666666665
D08469,9,213.69,
D02201,8,213.67000000000002,3.5
D03640,9,213.61999999999998,
D00104,7,213.58,2.0
D08134,7,213.57999999999998,
D08720,8,213.56,4.0
D01226,9,213.44000000000003,1.0
D02975,9,213.43999999999997,4.0
D05852,11,213.39000000000001,2.8
D03757,8,213.27999999999997,2.3333333333333335
D07572,6,213.20000000000002,3.0
D08032,8,213.13,2.6666666666666665
D02368,7,213.07,2.0
D06598,8,213.04999999999995,1.0
D08415,6,213.02000000000004,2.0
D09179,8,212.97000000000003,3.0
D06181,9,212.96,2.6666666666666665
D06490,10,212.93,2.4
D04646,13,212.87,3.0
D04328,8,212.87,1.0
D05992,7,212.79000000000002,3.5
D02159,6,212.77,3.0
D02901,6,212.76,3.0
D09607,6,212.68,2.5
D06418,5,212.65,4.0
D08202,11,212.64000000000001,4.5
D06115,8,212.60999999999999,4.5
D00763,6,212.6,1.0
D06991,9,212.56,4.666666666666667
D07622,6,212.54000000000002,4.0
D07507,9,212.54,4.0
D02833,8,212.51000000000002,3.0
D09126,10,212.51,3.75
D04358,6,212.48999999999998,3.3333333333333335
D06072,7,212.37,2.3333333333333335
D09123,6,212.35000000000002,2.6666666666666665
D07597,11,212.35,1.3333333333333333
D06049,10,212.29999999999998,3.6666666666666665
D07405,8,212.26,3.0
D02135,12,212.23,2.25
D09352,9,212.15,3.0
D00902,8,212.13,
D04912,8,212.13,5.0
D05400,12,212.12,2.6666666666666665
D02443,6,212.09,3.5
D01753,7,212.02,4.4
D05855,11,212.01999999999998,3.0
D01627,8,211.99,3.5
D00533,7,211.98,2.3333333333333335
D03837,4,211.85000000000002,1.5
D09860,6,211.83999999999997,2.0
D05600,10,211.83999999999997,3.8
D03657,9,211.79000000000002,3.0
D08780,6,211.68,3.5
D07542,9,211.67999999999998,3.0
D06352,5,211.63,4.0
D05133,9,211.60999999999999,4.5
D07523,7,211.60999999999999,4.0
D02919,6,211.6,2.0
D00999,8,211.45999999999998,4.333333333333333
D05459,7,211.45000000000002,4.0
D04652,10,211.45000000000002,1.6666666666666667
D08328,9,211.45,1.0
D06411,8,211.36,2.75
D04159,10,211.35000000000002,2.6666666666666665
D02174,9,211.3,2.6666666666666665
D00451,6,211.3,2.0
D07589,8,211.3,4.0
D08550,10,211.29000000000002,3.0
D02421,8,211.29,2.5
D07755,8,211.17,
D03998,7,211.15,3.0
D02425,10,211.12,3.5
D03373,8,211.06,3.0
D02316,9,211.06,3.25
D06606,8,211.01999999999998,4.5
D05887,6,211.00999999999996,3.75
D02310,10,210.99,1.75
D07348,10,210.94,2.75
D00984,12,210.92,4.0
D02235,10,210.84000000000003,3.6666666666666665
D03716,7,210.70999999999998,4.0
D03846,9,210.64999999999998,3.0
D07606,11,210.62,2.6666666666666665
D06133,7,210.62,
D00371,7,210.6,2.25
D08356,8,210.58999999999997,3.0
D09597,6,210.57,4.0
D09270,9,210.56,2.4
D07763,11,210.54,4.0
D02897,5,210.51,1.0
D01193,8,210.46999999999997,3.0
D08220,10,210.46,2.5
D08147,7,210.46,2.0
D06472,8,210.45,2.0
D05384,9,210.43999999999997,2.0
D00909,9,210.4,1.75
D07245,9,210.38,1.0
D02941,6,210.26999999999998,3.6666666666666665
D00150,12,210.26,4.666666666666667
D05659,9,210.26,2.0
D06216,6,210.22000000000003,2.0
D03638,10,210.21,2.75
D00938,7,210.18,1.0
D04643,8,210.17000000000002,4.333333333333333
D03002,11,210.17,3.5
D01300,8,210.17,4.0
D05109,6,210.15999999999997,2.6666666666666665
D03983,11,210.15,2.6
D03307,6,210.14,
D06855,6,210.07,3.0
D00573,8,210.05999999999997,3.3333333333333335
D07132,11,210.03,3.0
D09788,9,209.96,3.3333333333333335
D00278,8,209.95999999999998,2.5
D05760,10,209.89000000000001,2.6666666666666665
D00848,7,209.89,2.5
D06692,8,209.87,3.0
D08681,10,209.87,2.8
D00633,6,209.81,
D06529,8,209.78000000000003,2.8
D07681,7,209.71,1.0
D07659,9,209.69,2.5
D09339,7,209.66000000000003,2.3333333333333335
D03646,10,209.64,
D06442,10,209.62,3.6666666666666665
D06721,7,209.61,
D06270,6,209.61,
D07860,10,209.61,4.333333333333333
D01652,10,209.57000000000002,3.1666666666666665
D01719,8,209.57,3.6666666666666665
D07629,12,209.56,2.0
D05979,11,209.54,
D08460,10,209.47000000000003,2.0
D07126,7,209.41000000000003,4.0
D09422,8,209.39999999999998,3.5
D03130,7,209.39999999999998,3.75
D04885,9,209.39999999999998,3.6666666666666665
D04034,9,209.39,1.75
D05808,8,209.35000000000002,1.5
D05016,8,209.33999999999997,4.0
D05043,7,209.33,5.0
D03898,9,209.31,2.0
D00617,10,209.29999999999998,1.3333333333333333
D00874,10,209.26999999999998,3.0
D05032,6,209.26000000000002,2.5
D08205,8,209.13,2.5
D05596,9,209.10000000000002,2.5
D05497,9,209.05,1.0
D04182,7,209.04000000000002,3.5
D05281,9,209.01999999999998,3.0
D06555,8,208.99,2.0
D03949,8,208.98000000000002,3.5
D09738,8,208.97,3.0
D00568,8,208.96000000000004,1.0
D01487,8,208.92000000000002,3.5
D02371,9,208.92,2.0
D02397,7,208.89000000000001,3.0
D03092,8,208.88,2.3333333333333335
D03001,8,208.85999999999999,2.6666666666666665
D07128,10,208.85999999999999,4.0
D04942,9,208.85000000000002,3.0
D01941,8,208.81,3.6666666666666665
D02696,9,208.78,3.3333333333333335
D06245,8,208.75,2.0
D01667,6,208.64000000000001,2.6666666666666665
D02544,7,208.61,3.5
D00537,7,208.41000000000003,
D01573,7,208.41000000000003,3.3333333333333335
D09609,9,208.40000000000003,4.333333333333333
D00493,8,208.24,3.0
D08081,6,208.21,2.0
D09453,12,208.21,3.0
D08554,10,208.19000000000003,3.0
D04536,8,208.17000000000002,2.6666666666666665
D03635,5,208.13,2.3333333333333335
D03546,7,208.11999999999998,4.2
D03989,6,208.11,3.5
D02834,7,208.09999999999997,3.6666666666666665
D01508,8,208.09,3.6666666666666665
D08040,10,208.06,3.5
D07308,8,208.01000000000002,2.6
D09984,6,208.0,2.3333333333333335
D08830,8,207.99999999999997,3.5
D09834,8,207.99,2.0
D08598,7,207.98,4.0
D09381,7,207.91000000000003,4.5
D01124,9,207.87,2.5
D00502,10,207.86,4.5
D05981,9,207.81,4.0
D00653,9,207.71,4.0
D03484,7,207.66,2.5
D01695,8,207.65,1.75
D07288,8,207.63,
D05150,10,207.61,1.5
D02509,5,207.6,
D07074,9,207.59000000000003,5.0
D09087,7,207.57999999999998,3.0
D07965,10,207.51999999999998,2.3333333333333335
D06641,10,207.51,2.4
D09434,6,207.45999999999998,5.0
D06933,6,207.43,2.0
D03296,8,207.41,5.0
D03172,9,207.40999999999997,4.0
D03988,10,207.39,3.5
D01919,7,207.34,4.5
D03318,7,207.29,2.5
D01198,7,207.21999999999997,2.0
D07035,7,207.18,3.5
D06302,9,207.14999999999998,3.0
D06286,7,207.14000000000001,2.5
D02679,9,207.11,2.3333333333333335
D09079,10,207.09,4.5
D07981,10,207.05,3.3333333333333335
D08883,7,206.98,3.0
D05247,5,206.96999999999997,3.0
D07633,7,206.94,2.3333333333333335
D01840,6,206.83,3.5
D07520,6,206.78999999999996,3.5
D08440,11,206.71000000000004,1.5
D03909,11,206.61999999999998,3.0
D06916,9,206.60000000000002,2.5
D09763,11,206.57999999999998,3.0
D00253,8,206.56,2.25
D02144,10,206.54000000000002,1.6666666666666667
D05889,8,206.54,2.0
D00009,11,206.5,3.0
D05169,11,206.45,3.8
D00767,7,206.42999999999998,
D09428,8,206.4,2.3333333333333335
D09101,9,206.35,2.0
D08211,11,206.23,3.0
D02326,6,206.20999999999998,
D03004,9,206.19,3.2
D05116,10,206.16,3.0
D00091,9,206.15,3.3333333333333335
D06122,8,206.12,4.666666666666667
D08588,9,206.03000000000003,1.5
D03877,8,206.02,3.6666666666666665
D04165,9,205.97,
D04535,6,205.96999999999997,1.5
D06055,9,205.95999999999998,3.0
D02319,9,205.93,1.6666666666666667
D06929,10,205.92999999999998,3.6
D07056,13,205.87,4.5
D07178,9,205.80999999999997,4.25
D07901,8,205.7,3.0
D05203,8,205.7,5.0
D04793,8,205.64000000000001,3.0
D03958,9,205.61,3.0
D08337,7,205.57,
D04698,8,205.54,3.2
D04779,8,205.53000000000003,3.3333333333333335
D03917,6,205.53000000000003,3.5
D02477,8,205.5,3.6666666666666665
D05856,10,205.45000000000002,2.5
D06186,8,205.38,3.75
D02013,8,205.37,3.0
D07876,8,205.35,1.5
D06248,7,205.35,
D01141,10,205.28999999999996,1.5
D00169,10,205.26000000000002,3.75
D02010,9,205.22,5.0
D00377,8,205.16,5.0
D03030,6,205.13000000000002,3.0
D01945,6,205.13,5.0
D05945,7,205.1,3.5
D02685,6,205.08999999999997,4.5
D04189,5,205.01,2.0
D04999,5,204.94,2.0
D01717,10,204.89000000000004,2.0
D04030,10,204.88000000000002,3.3333333333333335
D08801,12,204.88,2.75
D04602,8,204.86,2.0
D05414,9,204.85000000000002,3.5
D08467,6,204.76,2.6666666666666665
D01016,7,204.75,3.6666666666666665
D07291,6,204.73000000000002,2.25
D01766,11,204.69,2.5
D01012,8,204.68,3.6666666666666665
D00674,7,204.63000000000002,2.6666666666666665
D00962,9,204.63,1.0
D02234,11,204.62,3.2
D06210,8,204.62,5.0
D03772,8,204.62,3.6666666666666665
D09712,9,204.56000000000003,3.2
D00836,10,204.56,3.0
D06617,8,204.55999999999997,2.6666666666666665
D01313,7,204.51,2.75
D00762,7,204.5,5.0
D01977,9,204.45,3.5
D06597,7,204.44,4.333333333333333
D09643,7,204.43,3.0
D09015,14,204.41,2.7142857142857144
D04216,11,204.35999999999999,3.5
D09917,8,204.33,3.1666666666666665
D06327,8,204.31999999999996,1.0
D04014,8,204.24,1.0
D00866,9,204.21,2.6666666666666665
D02555,9,204.15,1.5
D06497,10,204.15,4.333333333333333
D00906,6,204.15,3.0
D07079,11,204.14000000000001,3.6666666666666665
D00332,9,204.14000000000001,3.6666666666666665
D02517,6,204.12000000000003,3.5
D05529,7,204.07999999999998,3.3333333333333335
D00500,10,204.07999999999998,4.0
D01155,9,204.0,2.0
D01515,9,203.95000000000002,2.6
D02128,10,203.91,2.0
D03371,10,203.91,2.3333333333333335
D01610,8,203.9,3.75
D04261,7,203.89000000000001,4.333333333333333
D02480,8,203.86,2.3333333333333335
D07886,8,203.83,1.0
D09619,7,203.82,3.0
D00168,10,203.78000000000003,3.4
D03139,9,203.73,2.0
D04930,4,203.69,1.0
D05102,7,203.62,3.4
D07694,11,203.57,
D01775,8,203.44,5.0
D05261,7,203.26,1.0
D00141,8,203.25,3.0
D00711,11,203.19,3.6666666666666665
D04429,8,203.18,4.4
D09787,11,203.15,3.25
D01014,6,203.13,4.0
D06384,8,203.10999999999999,4.0
D07253,8,203.1,
D01174,10,203.07,2.5
D04437,10,203.04,4.0
D04483,6,203.03,3.3333333333333335
D02110,8,203.02,2.0
D05290,10,203.01000000000002,
D00963,6,202.99,5.0
D09510,7,202.94,4.5
D06710,7,202.93,1.0
D05630,7,202.89,4.0
D00139,9,202.88999999999996,4.0
D08131,10,202.81,
D07357,8,202.74,1.6666666666666667
D08417,8,202.69,1.0
D06741,9,202.66000000000003,2.0
D02909,6,202.65000000000003,5.0
D09154,9,202.54999999999998,3.5
D03517,9,202.49,2.8
D00623,7,202.48000000000002,
D06279,12,202.47,4.5
D05920,6,202.43,1.5
D00052,8,202.35,3.0
D03601,9,202.20999999999998,4.5
D04767,9,202.20999999999998,3.0
D07081,10,202.16,2.25
D09268,9,202.14999999999998,2.6666666666666665
D05373,9,202.09,3.0
D09497,7,202.09,2.3333333333333335
D03161,8,202.01999999999998,4.5
D06873,7,202.01000000000002,4.666666666666667
D09406,6,202.01,
D02233,7,201.97000000000003,3.0
D05675,8,201.90999999999997,2.0
D05821,8,201.87,4.0
D02851,7,201.81,3.3333333333333335
D02732,11,201.73000000000002,4.0
D06502,8,201.71,4.333333333333333
D07972,6,201.62,3.0
D01659,6,201.60000000000002,3.0
D06914,10,201.57,3.0
D05831,6,201.54,3.0
D06290,5,201.5,2.25
D07490,8,201.48,2.0
D00635,9,201.47,2.5
D08909,13,201.45,3.4
D08889,7,201.41,3.0
D01959,12,201.39,4.0
D00162,10,201.34,3.6
D03443,8,201.33999999999997,2.25
D05633,7,201.32,3.75
D01312,9,201.29999999999998,5.0
D02338,7,201.24,
D01175,9,201.2,3.3333333333333335
D09113,9,201.17000000000002,3.0
D06790,8,201.1,2.5
D02846,10,201.1,2.0
D07733,9,201.02999999999997,1.0
D04711,8,201.01999999999998,2.0
D02955,9,201.01000000000002,1.5
D00181,10,201.01,1.3333333333333333
D09026,6,200.98,4.0
D06632,7,200.91000000000003,4.0
D08519,6,200.86,3.3333333333333335
D08523,8,200.85999999999999,2.25
D02981,7,200.84000000000003,4.25
D08174,12,200.80999999999997,2.75
D03885,10,200.79000000000002,2.5
D03145,6,200.68,3.0
D04558,9,200.66,2.5
D00530,5,200.60000000000002,4.0
D06424,8,200.57,3.0
D07272,6,200.56,4.5
D09589,9,200.51999999999998,2.0
D06600,10,200.51999999999998,2.0
D07653,7,200.5,3.0
D02346,8,200.47999999999996,3.0
D05353,7,200.44,3.0
D07808,8,200.44,3.2
D04072,6,200.43,3.0
D00338,11,200.41000000000003,2.5
D03152,6,200.29000000000002,2.0
D07791,5,200.23999999999998,2.3333333333333335
D06671,8,200.23000000000002,2.3333333333333335
D09910,9,200.19,2.6666666666666665
D05055,9,200.13,4.5
D08854,9,200.13,3.0
D09462,7,200.07999999999998,2.0
D08143,7,200.06,
D05009,7,199.9,2.6666666666666665
D09800,5,199.89000000000001,4.5
D02728,8,199.87,3.3333333333333335
D02327,9,199.87,2.0
D07932,6,199.85000000000002,
D03775,7,199.81,
D04993,7,199.77999999999997,5.0
D04069,9,199.72,1.0
D08121,7,199.72,4.0
D08926,9,199.72,3.3333333333333335
D00709,9,199.71,3.0
D04791,9,199.68,
D06441,7,199.67000000000002,1.3333333333333333
D01114,10,199.65000000000003,3.0
D09110,10,199.59000000000003,2.0
D00382,5,199.58,3.0
D04173,8,199.53,4.5
D07914,8,199.51,2.0
D02977,9,199.49,3.3333333333333335
D08591,7,199.45000000000002,
D04451,6,199.39,3.0
D09143,8,199.39,3.3333333333333335
D01128,7,199.38,2.0
D09152,6,199.33,3.6666666666666665
D00058,5,199.26999999999998,3.0
D00757,6,199.23999999999998,3.0
D00738,9,199.16,2.25
D06892,10,199.15,3.6666666666666665
D02038,8,199.14000000000004,2.75
D02735,8,199.14,2.0
D05970,11,199.06,3.5
D09694,9,199.03,5.0
D00317,7,199.0,3.6666666666666665
D09099,7,198.99,2.5
D07189,7,198.98000000000002,1.0
D05270,7,198.97,2.6666666666666665
D09363,6,198.94,5.0
D06621,6,198.91,
D09267,7,198.9,4.5
D01280,10,198.78,3.6666666666666665
D03270,11,198.77,2.0
D00982,7,198.76,2.2
D09744,10,198.73,5.0
D00084,9,198.72000000000003,4.0
D03478,10,198.72000000000003,3.6666666666666665
D08241,7,198.70999999999998,3.0
D06918,9,198.7,4.0
D04070,7,198.67,
D06753,9,198.66,2.3333333333333335
D09673,7,198.63000000000002,
D07303,8,198.57999999999998,2.5
D09205,7,198.57999999999998,1.5
D05916,8,198.57000000000002,3.3333333333333335
D00434,7,198.56,3.0
D06960,8,198.49,3.0
D02464,10,198.47,3.5
D05668,10,198.45999999999998,4.5
D00354,7,198.45999999999998,3.4
D00586,9,198.41,
D03839,11,198.37,2.6666666666666665
D07063,5,198.32999999999998,3.5
D01505,9,198.28,5.0
D00288,7,198.27999999999997,2.5
D04453,12,198.25,4.0
D00574,6,198.25,2.3333333333333335
D02533,8,198.17999999999998,3.0
D00401,7,198.16,3.5
D08882,9,198.14,
D01445,8,198.11999999999998,
D03779,6,198.11,3.0
D01075,10,198.10000000000002,4.0
D09884,8,198.03,3.3333333333333335
D04936,7,198.01,3.0
D05022,8,197.97,3.0
D08693,8,197.95,4.0
D07787,6,197.91,1.0
D07318,8,197.87,5.0
D08057,8,197.87,2.5
D07528,7,197.85000000000002,4.5
D06800,7,197.83,4.0
D01694,6,197.74999999999997,3.5
D04728,10,197.72,2.75
D02545,7,197.67000000000002,2.3333333333333335
D03186,7,197.63000000000002,2.0
D05041,5,197.6,2.0
D05662,8,197.57999999999998,3.0
D01448,8,197.57,2.0
D03029,5,197.57,3.75
D09076,7,197.56,3.25
D05978,6,197.55,2.0
D09716,7,197.52,3.25
D08270,9,197.48000000000002,3.0
D02715,7,197.42000000000002,3.0
D03567,7,197.38,2.5
D08397,6,197.35000000000002,2.0
D03514,9,197.32,1.5
D02651,10,197.3,3.3333333333333335
D08795,7,197.29000000000002,2.6666666666666665
D09628,8,197.24,4.0
D00476,10,197.23000000000002,3.25
D00931,7,197.21,3.0
D02666,9,197.21,3.0
D02615,8,197.18,4.0
D04675,8,197.16,4.0
D07286,7,197.09000000000003,
D06045,8,197.07999999999998,2.5
D09542,9,197.06,2.0
D08278,5,197.06,
D05636,8,197.02999999999997,3.5
D06538,12,197.01999999999998,2.3333333333333335
D03255,9,196.88,2.6666666666666665
D00747,8,196.82,
D01568,9,196.66000000000003,
D03634,6,196.62,
D02554,7,196.60000000000002,1.5
D02497,6,196.56,3.3333333333333335
D00308,7,196.55,3.0
D06737,6,196.53,
D06354,7,196.49,2.3333333333333335
D09032,8,196.48,3.0
D04717,5,196.47,2.25
D04100,7,196.41,2.0
D05799,13,196.4,2.25
D05691,5,196.36,
D06084,8,196.34000000000003,1.5
D01073,10,196.29000000000002,2.25
D02926,11,196.19,2.75
D03519,10,196.13,3.0
D07704,8,196.06000000000003,2.0
D09629,6,196.06,3.0
D00601,6,195.98000000000002,3.6666666666666665
D08041,7,195.95999999999998,2.3333333333333335
D09235,8,195.95000000000005,2.5
D05579,7,195.95,2.75
D01738,9,195.94,2.0
D08897,8,195.93,
D07570,8,195.93,1.3333333333333333
D04269,10,195.92,3.25
D02155,7,195.91,1.5
D02122,6,195.89,3.0
D08016,11,195.87,3.0
D07241,8,195.86,
D03060,10,195.82999999999998,3.6666666666666665
D07302,6,195.82,3.0
D04796,12,195.79,2.0
D09133,7,195.75,5.0
D02126,7,195.73000000000002,3.5
D05426,6,195.73,3.0
D09518,8,195.71,3.0
D08165,6,195.69000000000003,4.0
D05526,7,195.61,2.0
D04582,10,195.58,4.5
D03806,8,195.56,4.0
D08475,8,195.54,2.1666666666666665
D08599,7,195.51,4.0
D09687,8,195.5,3.0
D07804,7,195.5,3.0
D05670,8,195.47,3.3333333333333335
D00148,9,195.42999999999995,4.2
D06900,8,195.42000000000002,2.5
D03554,5,195.41,1.0
D05117,6,195.38,2.3333333333333335
D02358,8,195.37,4.5
D09159,8,195.23000000000002,
D07928,7,195.19,3.0
D02854,5,195.11,3.0
D02142,7,195.03000000000003,2.0
D09306,9,194.97,3.0
D02241,9,194.94,2.5
D02920,7,194.89,2.5
D00323,5,194.88,4.0
D03914,9,194.81,4.333333333333333
D08294,7,194.76,1.0
D03920,7,194.74,
D01130,5,194.68,2.5
D03804,7,194.63,4.0
D04682,10,194.56,2.25
D08252,10,194.46,1.6666666666666667
D04307,5,194.43,3.3333333333333335
D00663,7,194.42,1.0
D03183,7,194.41,3.25
D08904,8,194.36,2.6666666666666665
D03667,9,194.28000000000003,2.3333333333333335
D03974,9,194.26999999999998,2.3333333333333335
D00844,8,194.24,2.5
D01509,8,194.22,2.0
D03863,6,194.22,3.0
D02390,7,194.20000000000002,5.0
D00305,8,194.18,1.0
D08245,8,194.07999999999998,3.0
D03544,8,194.07999999999998,
D01275,7,194.07999999999998,4.0
D02429,9,194.07,1.8
D01085,7,194.01000000000002,4.5
D00710,7,194.01,
D01871,7,193.93,3.3333333333333335
D09707,10,193.91,5.0
D03704,11,193.90999999999997,1.6666666666666667
D00347,7,193.89,3.6666666666666665
D08809,8,193.86,3.6666666666666665
D03273,7,193.61,3.3333333333333335
D01057,11,193.60000000000002,4.333333333333333
D04539,5,193.57999999999998,4.0
D03896,7,193.55,2.0
D05834,7,193.54000000000002,3.0
D07299,8,193.39,3.5
D02598,8,193.37,1.5
D02332,6,193.37,
D08844,10,193.34000000000003,1.5
D08506,7,193.34,3.6666666666666665
D00077,6,193.22000000000003,2.25
D03559,8,193.18000000000004,2.25
D00797,11,193.01999999999998,3.0
D03799,7,192.99,2.6666666666666665
D06360,6,192.92,3.0
D09932,6,192.81000000000003,
D00247,8,192.72000000000003,3.3333333333333335
D00807,6,192.64999999999998,2.5
D08404,8,192.59,4.25
D08783,9,192.57999999999998,4.0
D04146,11,192.55,3.5
D01525,9,192.52,4.0
D01133,8,192.51999999999998,2.5
D01352,8,192.51000000000002,3.3333333333333335
D09540,7,192.50000000000003,2.0
D05885,8,192.44,2.3333333333333335
D08498,10,192.42000000000002,4.0
D03168,9,192.41,3.0
D04940,10,192.39000000000001,3.0
D00034,7,192.26,2.6666666666666665
D06259,9,192.22999999999996,4.0
D00977,9,192.17000000000002,1.0
D01086,8,192.16,5.0
D03358,6,192.14999999999998,3.6666666666666665
D05525,8,192.09999999999997,3.6666666666666665
D02191,8,192.09,4.0
D07674,7,192.07999999999998,3.75
D03672,7,192.03,4.0
D03459,7,192.03,1.0
D03118,10,191.93,4.0
D09814,8,191.92000000000002,2.0
D08462,7,191.92,3.0
D00243,6,191.89,3.5
D04143,8,191.87,4.0
D05462,11,191.87,2.0
D03197,5,191.82,5.0
D01823,7,191.81,3.0
D05564,9,191.8,2.0
D00911,7,191.74000000000004,3.0
D06247,5,191.73,5.0
D03237,9,191.69,2.75
D00390,10,191.65,3.6666666666666665
D02046,11,191.64999999999998,2.75
D09498,7,191.54999999999998,4.0
D09715,7,191.54999999999998,3.3333333333333335
D04184,7,191.51000000000002,4.0
D01083,9,191.45,3.0
D03422,7,191.4,3.6666666666666665
D06067,10,191.39000000000001,2.5
D03356,7,191.39,4.5
D03549,9,191.38000000000002,4.333333333333333
D07953,9,191.36,3.0
D06521,12,191.29000000000002,1.0
D05291,10,191.29,3.0
D02125,9,191.27,2.25
D08011,11,191.26,3.5
D07648,9,191.22000000000003,2.0
D03442,7,191.12,3.0
D00769,6,191.04000000000002,3.5
D01225,8,191.01999999999998,3.0
D06196,9,190.98999999999998,2.0
D03686,8,190.95,4.0
D00961,9,190.94,2.25
D03114,8,190.93,1.3333333333333333
D06956,7,190.93,3.5
D01331,9,190.93,1.0
D00812,7,190.88,5.0
D00099,8,190.85,3.0
D04438,9,190.82999999999998,4.0
D00257,10,190.81,4.0
D07556,8,190.76,2.0
D08547,5,190.74,4.0
D01295,8,190.70999999999998,4.0
D07778,7,190.7,5.0
D07368,8,190.69,2.0
D09347,7,190.68,3.6666666666666665
D08737,5,190.67,3.0
D04902,8,190.66,3.0
D05597,6,190.64,3.6666666666666665
D02663,8,190.57,4.0
D03083,8,190.54,2.6666666666666665
D03364,7,190.54,5.0
D08950,6,190.48,2.5
D00450,7,190.47,4.0
D03987,5,190.47,2.0
D05501,8,190.42000000000002,3.3333333333333335
D08447,6,190.42000000000002,3.0
D05761,11,190.42,3.5
D07815,7,190.41,1.5
D00304,4,190.41,2.6666666666666665
D06794,6,190.37,4.0
D05626,8,190.29000000000002,4.5
D07230,10,190.29000000000002,3.25
D08132,10,190.27,3.0
D07477,8,190.26,4.0
D07211,9,190.23,1.0
D04246,6,190.14,2.5
D00321,7,190.05,4.333333333333333
D07015,8,190.02,
D01906,6,189.95999999999998,4.0
D02524,5,189.95,3.0
D08993,5,189.92,2.5
D02927,6,189.88,
D03414,7,189.80999999999997,2.5
D02124,9,189.80999999999997,3.25
D08335,5,189.76999999999998,4.0
D08492,10,189.76000000000002,3.0
D00284,7,189.74,
D08248,7,189.69,3.5
D01037,9,189.63000000000002,4.0
D01047,8,189.56,4.0
D09674,6,189.53,3.0
D00714,8,189.43,3.0
D01626,6,189.4,4.0
D09541,7,189.26999999999998,2.5
D06512,9,189.25,2.0
D07306,7,189.20999999999998,3.0
D01788,7,189.18,2.5
D07780,9,189.14999999999998,3.8
D00539,6,189.11,1.0
D04749,8,189.09999999999997,3.0
D04156,7,189.06,3.0
D02314,9,189.05,3.6666666666666665
D01935,8,189.04,4.0
D08313,6,188.97,2.6666666666666665
D03900,8,188.94,2.25
D08963,8,188.91,3.6666666666666665
D02736,8,188.89000000000001,3.0
D06772,6,188.85000000000002,2.5
D01156,8,188.82,4.333333333333333
D09594,9,188.76,3.75
D03561,8,188.76,3.25
D08434,8,188.75000000000003,2.5
D09310,6,188.73000000000002,2.3333333333333335
D09642,9,188.7,3.2
D07025,7,188.45,4.5
D08225,6,188.43,5.0
D01379,6,188.39000000000001,4.333333333333333
D04751,7,188.39,4.0
D03482,8,188.35,1.0
D02189,8,188.24,1.0
D05358,8,188.18,4.0
D06005,10,188.16,2.25
D05446,5,188.12,2.75
D03182,7,188.12,4.0
D05434,6,188.01,3.4
D03959,7,187.98000000000002,4.0
D05213,8,187.95,3.0
D00826,6,187.92000000000002,2.6666666666666665
D08630,7,187.9,2.0
D06101,7,187.9,4.5
D05962,8,187.88000000000002,2.6666666666666665
D06155,5,187.87000000000003,4.333333333333333
D04800,10,187.87,4.0
D01666,6,187.82,
D08486,8,187.81,
D01761,6,187.8,2.0
D09380,6,187.76,3.0
D01294,6,187.74,3.25
D07741,7,187.68,4.0
D08478,8,187.67000000000002,
D07114,6,187.65999999999997,2.0
D01698,8,187.63,3.5
D03251,7,187.60000000000002,1.5
D07613,6,187.57999999999998,2.0
D00651,9,187.47999999999996,5.0
D06097,7,187.47,3.0
D01767,6,187.43,5.0
D05419,7,187.41000000000003,
D07089,8,187.37,2.5
D00588,5,187.17000000000002,
D05323,6,187.16,5.0
D02542,5,187.08,3.5
D08141,7,187.07,1.5
D01931,6,187.05,2.6666666666666665
D01468,10,187.02,3.0
D04394,10,186.97,
D02720,5,186.96,4.0
D01999,10,186.90000000000003,2.6666666666666665
D07064,10,186.88,2.0
D00508,7,186.79,4.0
D01032,9,186.75000000000003,2.6666666666666665
D06010,6,186.69,3.3333333333333335
D08333,7,186.68,2.0
D03174,7,186.61,2.5
D07872,9,186.56,2.0
D03303,7,186.55,
D07625,8,186.5,1.0
D05814,9,186.49,5.0
D04010,9,186.48,3.3333333333333335
D04417,6,186.46,3.0
D06039,9,186.39,2.0
D02813,9,186.39,2.0
D06963,7,186.36999999999998,4.0
D04662,6,186.36,2.0
D00456,5,186.35,3.0
D00629,7,186.26999999999998,1.6666666666666667
D09201,6,186.25,4.0
D07279,9,186.25,2.6666666666666665
D00813,9,186.24,2.5
D06536,8,186.22,3.3333333333333335
D01173,6,186.20000000000002,3.6666666666666665
D08980,6,186.17000000000002,
D05702,8,186.08999999999997,1.5
D02315,10,186.01999999999998,2.75
D07643,6,186.01999999999998,3.0
D06824,7,186.01,3.0
D05680,9,185.96,4.0
D02118,6,185.94,3.6666666666666665
D02840,7,185.89,3.0
D05269,7,185.84,2.0
D05030,8,185.74,4.0
D02726,5,185.70999999999998,3.5
D04192,6,185.7,2.0
D04891,7,185.66,3.0
D02796,7,185.6,4.0
D00918,8,185.59999999999997,3.4
D00783,9,185.59,4.333333333333333
D04562,6,185.58,
D01039,8,185.56,2.0
D04788,8,185.54000000000002,3.5
D00970,8,185.49,2.5
D03241,8,185.37,1.0
D02041,6,185.34,1.5
D07754,11,185.31,3.75
D02150,6,185.14000000000001,
D04792,8,185.14,5.0
D01623,6,185.05,2.3333333333333335
D01886,6,185.04000000000002,3.3333333333333335
D04310,5,185.03,2.0
D04262,7,184.98000000000002,3.0
D02091,9,184.89000000000001,3.75
D06983,7,184.89000000000001,2.0
D03941,7,184.81,5.0
D06350,8,184.80999999999997,3.0
D07371,6,184.77999999999997,3.0
D07072,7,184.76,1.5
D00695,9,184.70999999999998,2.75
D00492,8,184.69,1.0
D06928,7,184.65,2.25
D08526,7,184.64999999999998,3.6666666666666665
D04525,7,184.6,3.5
D00776,9,184.56,2.5
D02433,8,184.56,4.0
D00303,8,184.53,4.0
D05114,7,184.5,4.5
D06886,7,184.48999999999998,4.0
D02623,6,184.48000000000002,2.0
D04669,6,184.44,2.5
D04759,10,184.43,2.5
D01015,10,184.33999999999997,2.2857142857142856
D08019,9,184.32000000000002,2.4
D08293,6,184.29,3.5
D01164,7,184.26999999999998,3.0
D07467,7,184.22,3.0
D09373,7,184.17,3.0
D07382,8,184.16,4.0
D02972,9,184.14999999999998,
D02847,7,184.09,2.6666666666666665
D09033,9,184.08,4.5
D07802,10,184.06,3.25
D00392,8,184.05,2.0
D09690,7,184.01,
D09724,9,184.0,4.0
D03961,8,183.99,3.0
D05743,7,183.9,
D04120,8,183.9,2.6666666666666665
D00683,9,183.84,1.75
D07883,5,183.76999999999998,3.0
D06571,6,183.72,3.0
D03985,6,183.7,3.0
D08752,6,183.69,3.5
D05782,7,183.64999999999998,4.0
D03735,8,183.63,2.6666666666666665
D02590,6,183.60000000000002,4.0
D01592,7,183.56,
D04636,6,183.55,4.0
D01855,10,183.53,2.0
D09850,7,183.53,2.5
D03480,9,183.52,3.3333333333333335
D04847,6,183.5,
D07262,7,183.48000000000002,3.0
D00468,10,183.48,3.6
D00872,6,183.41000000000003,3.0
D08079,7,183.41,2.3333333333333335
D04311,5,183.4,3.0
D00594,9,183.25,4.0
D03224,9,183.25,3.0
D05357,9,183.24,3.5
D08494,6,183.17000000000002,
D07596,9,183.15,1.5
D01068,6,183.11,
D03571,7,183.11,4.5
D03026,7,183.07,
D02520,8,183.06,3.6666666666666665
D07447,7,183.05,3.0
D09662,7,183.01,3.0
D00881,8,182.85000000000002,3.5
D09327,8,182.85,4.666666666666667
D09376,6,182.82000000000002,3.25
D06233,8,182.73,3.0
D00790,4,182.71,3.0
D02086,7,182.59000000000003,1.6666666666666667
D05310,10,182.58,3.5
D07729,6,182.57999999999998,3.0
D09093,10,182.51,2.75
D00123,10,182.44,3.6
D04671,4,182.41000000000003,3.5
D06171,8,182.26,2.5
D00356,7,182.26,3.0
D08859,8,182.24,4.0
D03286,10,182.21,2.2857142857142856
D00219,7,182.2,1.5
D05331,6,182.1,3.6666666666666665
D06110,7,182.09,3.5
D06759,6,181.98999999999998,3.6666666666666665
D07222,8,181.96999999999997,1.0
D06377,5,181.87,3.0
D04308,7,181.76,3.0
D09907,7,181.69,3.0
D03873,8,181.63,1.0
D08386,10,181.62,2.2
D07484,11,181.57999999999998,3.0
D05077,5,181.57,3.5
D04492,7,181.57,2.3333333333333335
D09951,7,181.56,2.6666666666666665
D01257,10,181.51,3.0
D07960,7,181.48000000000002,3.0
D01483,9,181.48,5.0
D08747,6,181.46,
D05774,6,181.43,
D04442,7,181.42,2.5
D04509,9,181.39,2.0
D06518,7,181.37,4.0
D08425,8,181.36,4.0
D08086,8,181.35,3.0
D01106,10,181.33,4.333333333333333
D03982,7,181.32999999999998,3.3333333333333335
D06666,6,181.32999999999998,1.5
D02134,8,181.19,3.75
D08327,6,181.16000000000003,2.0
D06572,12,181.16000000000003,3.75
D00334,8,181.15,1.6666666666666667
D05685,9,181.11,3.0
D09546,8,180.92000000000002,3.0
D04884,8,180.92,2.0
D02616,5,180.85000000000002,3.0
D06300,9,180.85,1.0
D03403,9,180.84,1.0
D09840,10,180.83999999999997,2.3333333333333335
D03104,8,180.82999999999998,2.5
D01532,6,180.70999999999998,3.6666666666666665
D01565,8,180.64,3.0
D06073,9,180.54,2.5
D05958,7,180.52,2.5
D02929,6,180.51,2.0
D01271,10,180.51,3.5714285714285716
D00564,6,180.49,2.0
D02913,7,180.48000000000002,4.0
D04068,12,180.47,1.75
D04573,8,180.45,5.0
D02398,6,180.42000000000002,3.0
D01112,7,180.41,2.0
D07515,9,180.4,2.5
D03728,7,180.4,2.6666666666666665
D03724,8,180.39999999999998,2.5
D03413,6,180.38000000000002,2.3333333333333335
D00431,9,180.37,2.6666666666666665
D04892,7,180.35999999999999,3.0
D01542,7,180.34,2.5
D06540,8,180.33999999999997,3.25
D08520,9,180.29,5.0
D03516,9,180.26,2.0
D01409,5,180.19,1.0
D07531,7,180.17999999999998,2.75
D00291,7,180.15,2.5
D08533,8,180.09,4.0
D07412,6,180.05,3.0
D03450,5,180.01999999999998,
D02982,6,179.95,5.0
D07501,7,179.94,2.75
D04587,7,179.90000000000003,3.4
D00828,8,179.85000000000002,3.5
D06552,6,179.84,4.0
D00566,6,179.78,3.0
D08736,6,179.76,2.3333333333333335
D03245,7,179.7,2.6666666666666665
D05108,7,179.68,5.0
D05986,6,179.65,
D03695,9,179.63,1.0
D02114,7,179.6,5.0
D07365,7,179.6,3.0
D01979,7,179.55999999999997,1.6666666666666667
D09206,10,179.55,2.3333333333333335
D01498,7,179.53000000000003,3.0
D05909,8,179.53,2.0
D07654,8,179.52,4.0
D02942,7,179.46,2.0
D04177,6,179.41,3.25
D08422,8,179.39999999999998,2.0
D02693,7,179.37000000000003,3.75
D05233,8,179.3,2.3333333333333335
D04628,7,179.29,3.0
D08778,5,179.28,4.0
D04629,6,179.27,2.0
D09382,7,179.26000000000002,4.333333333333333
D05359,9,179.24,5.0
D03440,8,179.23000000000002,1.25
D04448,8,179.20999999999998,1.5
D01038,7,179.16,2.0
D02529,7,179.10999999999999,1.0
D00996,6,179.1,2.0
D04229,8,179.03,2.0
D06594,7,179.01,2.6
D00761,10,178.97999999999996,4.0
D01054,9,178.97,4.0
D09842,8,178.96000000000004,4.0
D01081,7,178.96,
D05448,7,178.92000000000002,3.0
D09563,8,178.91,2.0
D06618,6,178.89,2.0
D04719,6,178.89,4.0
D06649,7,178.85000000000002,2.0
D05539,6,178.8,3.5
D04740,5,178.71999999999997,
D05604,5,178.69,2.5
D01572,9,178.69,3.5
D04564,8,178.66000000000003,4.0
D08028,9,178.58999999999997,3.0
D04406,8,178.53,2.0
D04273,8,178.5,3.3333333333333335
D06287,8,178.47,1.5
D02577,8,178.34,3.5
D07765,5,178.31,4.0
D05132,7,178.29,3.5
D03214,6,178.25,1.0
D00494,7,178.25,3.3333333333333335
D08182,8,178.25,2.3333333333333335
D04404,9,178.21,2.5
D05018,9,178.19,3.8333333333333335
D04541,7,178.07,4.0
D01491,8,178.04000000000002,5.0
D06835,9,178.0,3.0
D09853,8,177.92999999999998,2.5
D09979,8,177.85000000000002,3.0
D03752,7,177.81,4.0
D04673,8,177.8,3.4
D01839,7,177.77,3.5
D07624,7,177.76,4.0
D05365,8,177.73,3.5
D08623,9,177.65000000000003,2.0
D05906,9,177.64000000000001,2.5
D07605,7,177.63,2.0
D02446,10,177.61999999999998,
D09649,8,177.55,4.0
D04928,8,177.48999999999998,2.6666666666666665
D05327,8,177.48999999999998,2.0
D02297,6,177.46,5.0
D00097,6,177.46,4.0
D08371,8,177.44,2.142857142857143
D03409,8,177.3,3.0
D01084,9,177.07999999999998,1.3333333333333333
D03177,9,176.99,5.0
D00485,6,176.99,1.0
D03014,8,176.96,1.0
D06878,5,176.95,1.0
D06223,6,176.92,3.5
D02690,6,176.83,
D05284,9,176.82999999999998,
D08218,7,176.82,3.0
D00375,6,176.74,
D02449,7,176.72,
D07775,6,176.71,1.6666666666666667
D03468,10,176.7,3.0
D00612,8,176.69,5.0
D04217,4,176.51,5.0
D02757,6,176.46,
D00361,7,176.40000000000003,3.3333333333333335
D03491,6,176.39,3.25
D00753,7,176.39,3.0
D06237,7,176.37,
D01049,10,176.09,3.5
D08446,6,176.08,3.0
D04919,8,175.96,1.8
D09962,10,175.94,2.5
D01465,7,175.9,2.5
D00186,5,175.89999999999998,4.0
D08631,6,175.81,3.0
D00484,8,175.79000000000002,2.5
D06310,7,175.79000000000002,4.5
D07829,8,175.79000000000002,4.5
D03027,8,175.79000000000002,2.0
D08302,8,175.63,3.5
D00892,11,175.59999999999997,3.0
D06359,9,175.59,3.0
D07301,6,175.51000000000002,2.75
D06765,6,175.48000000000002,1.3333333333333333
D05701,8,175.46,2.0
D07006,6,175.42000000000002,2.5
D00616,7,175.41,2.5
D08661,7,175.41,3.0
D03542,5,175.4,
D08679,6,175.39999999999998,4.333333333333333
D05637,5,175.35999999999999,3.0
D03764,8,175.23000000000002,3.0
D05098,10,175.22999999999996,1.0
D08359,7,175.22,2.0
D06628,5,175.17999999999998,2.0
D00234,8,175.15999999999997,4.0
D05295,6,175.10000000000002,4.0
D03887,9,175.06,1.3333333333333333
D01825,5,175.05,1.5
D02585,7,175.03,2.0
D01774,5,174.99,1.6666666666666667
D05726,6,174.95999999999998,3.0
D03662,7,174.93,4.0
D09679,5,174.87,1.5
D02570,8,174.82,2.0
D09583,9,174.82,3.75
D09186,6,174.81,4.5
D04303,6,174.76999999999998,1.0
D07541,9,174.69,2.0
D00075,5,174.67,1.0
D08496,7,174.62,3.0
D07646,5,174.58999999999997,2.0
D08074,7,174.56,1.0
D02039,7,174.51,5.0
D02809,5,174.48000000000002,4.666666666666667
D07452,9,174.46,3.2
D02731,8,174.42000000000002,3.3333333333333335
D06219,5,174.34,3.3333333333333335
D09769,7,174.32,2.5
D07198,9,174.31000000000003,5.0
D04581,7,174.27,2.75
D00581,8,174.27,1.0
D04297,7,174.17,2.0
D00063,5,174.05,3.0
D08921,8,174.03,2.25
D04005,8,173.85,2.0
D00432,10,173.69000000000003,3.0
D03641,7,173.69,2.6666666666666665
D04755,7,173.63,
D02441,7,173.62,3.0
D04642,7,173.54000000000002,3.5
D06670,8,173.54,4.666666666666667
D05244,10,173.5,3.0
D07998,9,173.47999999999996,2.6666666666666665
D08342,9,173.47000000000003,3.5
D01692,6,173.4,3.0
D09772,6,173.3,1.0
D02167,7,173.29000000000002,2.6666666666666665
D05811,8,173.28,3.25
D06283,9,173.27,3.25
D06206,7,173.25000000000003,3.25
D01434,6,173.23,4.5
D09053,7,173.22000000000003,5.0
D01095,6,173.22000000000003,3.6666666666666665
D06308,8,173.20999999999998,5.0
D06044,10,173.19,2.25
D07143,7,173.18,2.5
D08300,9,173.14000000000001,4.0
D03859,7,173.14,3.0
D03448,4,173.13,4.0
D03475,9,173.01999999999998,3.25
D04434,5,173.01,3.6666666666666665
D07598,8,172.99,4.333333333333333
D07709,5,172.98,1.0
D08763,7,172.96,4.0
D04918,6,172.93,3.0
D00758,7,172.89999999999998,4.0
D08923,10,172.86,4.0
D03966,7,172.86,1.6666666666666667
D07552,5,172.86,3.5
D03937,6,172.79000000000002,4.25
D09948,6,172.73000000000002,3.5
D07810,7,172.73,4.0
D02105,8,172.72,2.0
D00736,6,172.63,3.0
D06041,7,172.62,2.5
D00749,6,172.6,2.0
D07795,8,172.55,1.0
D09516,8,172.55,1.0
D02582,9,172.47,4.0
D02025,9,172.39,2.3333333333333335
D02328,5,172.38,5.0
D07918,7,172.38,3.3333333333333335
D00745,6,172.27999999999997,3.0
D02082,6,172.26999999999998,1.5
D01167,8,172.25,2.0
D06455,6,172.23,3.0
D02513,7,172.16000000000003,4.666666666666667
D02331,7,172.13,1.5
D04833,8,172.12000000000003,4.25
D04803,8,172.07999999999998,5.0
D00561,8,172.04000000000002,4.5
D01066,8,172.03,3.2
D04887,5,171.83,2.0
D09729,6,171.81,1.5
D01748,8,171.70999999999998,2.5
D00388,7,171.67000000000002,5.0
D05399,7,171.60000000000002,2.5
D02553,6,171.57999999999998,3.0
D04809,4,171.48,1.0
D04465,5,171.46999999999997,1.5
D02192,8,171.45,4.333333333333333
D00597,7,171.39,3.0
D02448,9,171.34,3.5
D03564,8,171.29000000000002,2.0
D08710,7,171.27,3.3333333333333335
D07807,6,171.23,
D02216,7,171.21,1.0
D00702,6,171.20999999999998,2.5
D08518,7,171.2,1.0
D08714,7,171.19,5.0
D08168,6,171.13,3.5
D04655,8,171.11,1.5
D02887,6,171.07,2.5
D02639,10,171.01,2.5
D05946,5,170.97000000000003,2.0
D01930,4,170.96,2.0
D06017,9,170.89999999999998,3.6666666666666665
D05180,8,170.85000000000002,4.666666666666667
D00670,7,170.79000000000002,2.0
D06725,6,170.64,2.5
D07772,6,170.61,3.0
D05499,7,170.57,3.6666666666666665
D00387,8,170.57,2.75
D07181,6,170.55,4.0
D07892,8,170.52999999999997,3.0
D07179,7,170.52,1.8
D07322,5,170.51999999999998,2.75
D08214,7,170.51,2.75
D03721,8,170.5,3.5
D05677,7,170.49,1.0
D02097,6,170.46,3.6666666666666665
D08388,6,170.42999999999998,2.0
D07185,6,170.42,3.5
D01912,5,170.39,1.0
D05968,6,170.23,1.3333333333333333
D04119,9,170.22000000000003,5.0
D01318,10,170.14999999999998,1.0
D00610,5,170.13,5.0
D09338,5,170.12,5.0
D03805,7,170.11,
D09959,8,170.09,3.5
D06329,7,170.04000000000002,5.0
D06591,6,169.96,2.5
D01891,6,169.94,4.666666666666667
D06464,8,169.93,3.5
D09183,8,169.9,4.5
D05678,8,169.89999999999998,2.25
D07800,7,169.89,4.0
D05872,6,169.86999999999998,3.0
D02525,7,169.85,3.0
D03143,5,169.8,4.0
D04502,6,169.77999999999997,1.0
D09513,7,169.73,4.0
D01798,7,169.71999999999997,1.6666666666666667
D08368,7,169.69,2.6666666666666665
D02742,7,169.69,2.0
D02322,7,169.61,1.0
D00777,9,169.47,2.0
D09530,9,169.46,4.0
D04338,5,169.45000000000002,1.8
D01810,6,169.45,2.3333333333333335
D07879,6,169.45,
D07670,4,169.43,3.0
D02003,8,169.37,2.0
D02689,6,169.36,3.0
D01992,6,169.26,3.5
D06769,8,169.20999999999998,2.5
D02036,6,169.02,3.0
D07620,7,168.95000000000002,2.6666666666666665
D06828,8,168.91,3.3333333333333335
D07270,6,168.9,2.0
D00006,10,168.81,2.0
D05297,7,168.8,1.0
D04696,7,168.73,3.5
D01443,8,168.66000000000003,4.0
D02008,7,168.48,3.5
D04020,5,168.44000000000003,1.0
D03718,7,168.44,4.0
D04914,9,168.30999999999997,2.0
D04342,10,168.3,3.2
D02849,7,168.24,2.0
D08268,6,168.2,2.0
D09155,8,168.19,3.6
D05480,7,168.12,2.0
D00960,7,168.10999999999999,2.0
D07577,7,167.96999999999997,3.0
D00521,9,167.86999999999998,
D04611,6,167.85000000000002,
D00233,8,167.8,3.0
D02714,7,167.76999999999998,3.75
D07109,9,167.75,4.0
D01450,6,167.66000000000003,2.0
D00453,6,167.56,3.6666666666666665
D08581,5,167.55,4.5
D04027,7,167.44,4.0
D05324,6,167.4,3.5
D01663,6,167.38,3.0
D07364,7,167.35,2.0
D03607,9,167.28,4.0
D09924,6,167.27,2.0
D07455,7,167.2,3.0
D03470,10,167.15,
D01834,6,167.12,5.0
D05439,8,167.08,2.6666666666666665
D06317,9,167.06,1.0
D06347,6,167.02,4.0
D07298,7,166.99,2.5
D03370,7,166.95,3.0
D07652,8,166.9,4.5
D00452,7,166.86,3.6666666666666665
D02076,7,166.85,5.0
D06971,8,166.82,3.0
D09885,10,166.81,4.5
D06913,5,166.79000000000002,4.0
D01285,7,166.78,3.0
D07865,8,166.77,4.0
D05093,6,166.74,4.0
D03803,4,166.73,3.0
D01752,4,166.71,3.0
D03545,6,166.7,1.5
D00598,8,166.7,3.0
D09953,9,166.69,3.5
D03527,7,166.69,2.0
D06138,6,166.67999999999998,
D00649,7,166.63,5.0
D09475,5,166.62,3.0
D04117,8,166.58,2.3333333333333335
D00464,6,166.41,2.0
D04075,8,166.4,3.5
D07911,9,166.35000000000002,3.5
D04950,7,166.31,3.0
D04639,9,166.3,3.3333333333333335
D02716,5,166.26000000000002,1.5
D04653,7,166.24,4.4
D04694,6,166.17,4.5
D09195,8,166.11999999999998,2.0
D08694,6,166.10000000000002,3.5
D00298,7,166.06,1.5
D01707,7,166.02,3.0
D06222,5,165.99,1.0
D09118,7,165.88,2.6666666666666665
D03119,10,165.87,3.5
D00277,6,165.85000000000002,3.0
D03327,5,165.84,5.0
D01036,6,165.82000000000002,3.5
D08508,7,165.82,2.3333333333333335
D09613,6,165.79000000000002,3.5
D06409,5,165.78,2.0
D08585,6,165.73000000000002,
D09775,7,165.71999999999997,3.0
D01924,5,165.64999999999998,4.333333333333333
D06919,7,165.56,3.3333333333333335
D09898,7,165.55,2.5
D08866,5,165.52,2.3333333333333335
D03934,8,165.44000000000003,4.333333333333333
D02655,8,165.43,2.5
D01589,7,165.35999999999999,4.0
D01934,6,165.35,
D00693,8,165.29000000000002,2.0
D06573,7,165.28000000000003,2.0
D03043,4,165.26,4.0
D09560,5,165.23,4.0
D00575,7,165.16,4.0
D06566,9,165.14999999999998,4.666666666666667
D04761,11,165.05,3.0
D03295,9,164.96,3.0
D06228,8,164.95999999999998,3.25
D00143,6,164.95,3.0
D04488,6,164.95,
D00095,11,164.85999999999999,1.75
D07863,7,164.8,1.0
D00211,7,164.79000000000002,4.0
D00860,5,164.73999999999998,3.6666666666666665
D09239,9,164.70999999999998,3.75
D01521,7,164.66,5.0
D02496,10,164.66,2.5
D09916,8,164.64000000000001,4.0
D00147,7,164.62,3.25
D03816,8,164.51999999999998,5.0
D00815,7,164.37,2.0
D04276,9,164.31,3.0
D09348,9,164.21,
D07663,8,164.09000000000003,3.0
D05895,5,164.05,2.0
D03063,8,163.97,3.0
D02683,6,163.93,2.5
D04944,7,163.91,2.0
D05418,7,163.86,3.3333333333333335
D06192,8,163.79999999999998,3.6666666666666665
D04896,6,163.79000000000002,
D05940,7,163.76999999999998,
D05578,9,163.68,2.0
D06321,8,163.67,2.0
D03801,5,163.64,
D01127,12,163.63000000000002,3.0
D08445,7,163.59,2.5
D06861,6,163.55,3.3333333333333335
D01241,11,163.51,3.6666666666666665
D03986,8,163.51,2.0
D02068,10,163.44,1.3333333333333333
D03761,6,163.43,3.0
D09395,7,163.41000000000003,5.0
D08874,5,163.36,5.0
D06630,11,163.25,2.0
D09389,8,163.20999999999998,4.0
D00704,9,163.20999999999998,2.0
D03649,8,163.19,2.5
D01588,8,163.16,3.0
D00409,7,163.15,4.5
D03451,5,163.07999999999998,1.0
D08939,7,163.04999999999998,5.0
D06204,7,163.01,2.3333333333333335
D06846,7,163.01,2.5
D04263,6,163.01,
D03090,10,163.0,3.5
D00109,7,163.0,3.5
D03179,7,162.91,4.0
D08195,5,162.89,4.5
D03184,8,162.87,2.5
D07448,6,162.86,3.0
D00283,6,162.8,2.5
D03069,6,162.78999999999996,3.0
D05586,7,162.71,3.6666666666666665
D06944,7,162.63,3.5
D03891,9,162.60999999999999,3.75
D04432,9,162.54,2.0
D00611,6,162.45999999999998,3.0
D06098,9,162.32999999999998,3.0
D05088,7,162.29000000000002,
D09294,7,162.28,3.6666666666666665
D08341,8,162.17000000000002,2.0
D03061,4,162.16,
D02021,8,162.15,3.5
D08265,8,162.05,4.0
D00122,8,162.02,3.5
D02183,7,162.0,1.6666666666666667
D02413,5,162.0,3.0
D05011,8,161.96,3.8
D01972,7,161.96,3.75
D02283,5,161.96,2.5
D00986,5,161.9,
D07984,4,161.88,1.5
D02495,7,161.88,3.3333333333333335
D09699,6,161.84,1.0
D01372,6,161.8,5.0
D01530,5,161.76999999999998,4.0
D05198,9,161.76000000000002,3.0
D08608,7,161.73000000000002,3.0
D09828,7,161.72000000000003,3.0
D08017,4,161.67000000000002,3.0
D03341,6,161.66,2.5
D01776,7,161.64000000000001,2.6666666666666665
D07668,8,161.58,3.0
D01759,8,161.57999999999998,3.0
D01746,7,161.5,4.5
D08532,6,161.29000000000002,3.0
D01689,12,161.24,1.5
D06194,9,161.23000000000002,3.5
D07742,10,161.17,4.0
D09432,6,161.14,3.4
D08059,5,161.08,3.0
D06712,5,160.93,4.0
D07740,7,160.88000000000002,2.0
D09718,8,160.87,5.0
D03879,5,160.87,1.0
D09741,7,160.81,2.0
D01346,6,160.8,3.5
D08773,7,160.6,3.0
D01467,7,160.57,2.5
D07602,5,160.53000000000003,5.0
D03963,5,160.44,2.5
D04713,5,160.43,4.333333333333333
D00835,6,160.39999999999998,3.5
D07199,5,160.37,4.0
D07506,8,160.35,1.0
D07411,7,160.31,3.3333333333333335
D01029,7,160.26,3.0
D04781,8,160.14,4.5
D03494,6,160.14,
D07000,8,160.13,2.0
D03604,8,160.06,4.0
D05330,7,160.01,1.6666666666666667
D01614,7,160.00000000000003,2.5
D08027,6,159.98999999999998,4.0
D02268,7,159.98,3.0
D00675,10,159.87,4.0
D03976,9,159.86,3.25
D00359,5,159.82999999999998,1.0
D06446,6,159.82,3.0
D04973,8,159.76,4.0
D06732,5,159.75,2.0
D01513,8,159.65,3.5
D03264,5,159.49,4.5
D07786,8,159.45000000000002,1.0
D03908,7,159.45,2.0
D07380,5,159.45,2.0
D04203,7,159.42000000000002,
D03379,7,159.41,4.0
D00518,4,159.32999999999998,5.0
D08160,7,159.3,1.0
D02399,8,159.26999999999998,2.6
D08713,7,159.25,1.6666666666666667
D04524,6,159.12,2.3333333333333335
D03006,6,159.07,3.5
D02548,5,159.01000000000002,3.0
D03072,6,159.01,4.333333333333333
D07099,6,158.94,2.0
D00834,8,158.91,3.6666666666666665
D02652,6,158.74,
D08267,4,158.74,3.5
D00054,10,158.66,2.5
D07817,8,158.60999999999999,3.0
D01424,6,158.60000000000002,4.0
D06556,5,158.57,3.5
D06868,5,158.57,4.0
D03013,6,158.56,5.0
D09483,7,158.52,5.0
D08503,9,158.52,2.75
D09710,13,158.51,3.4
D08023,4,158.5,3.0
D03922,7,158.5,2.0
D01078,8,158.42999999999998,3.0
D02922,9,158.4,3.0
D06684,6,158.4,3.75
D05120,8,158.29,4.0
D09248,7,158.26,4.0
D06006,8,158.25,4.333333333333333
D04054,6,158.17000000000002,2.75
D04609,5,158.15,2.6666666666666665
D05853,7,158.1,3.3333333333333335
D05574,7,158.08,4.333333333333333
D04802,8,158.04,1.25
D02647,6,157.99,2.5
D05844,7,157.99,4.0
D02725,11,157.92000000000002,2.0
D04057,7,157.92,2.5
D04172,5,157.84,3.0
D06485,7,157.82,4.0
D05138,8,157.7,4.0
D05352,8,157.7,3.0
D05549,6,157.67000000000002,4.666666666666667
D00990,6,157.59,4.5
D06661,6,157.57,3.0
D00706,9,157.53,5.0
D06578,5,157.52,
D08236,7,157.51,4.333333333333333
D09664,7,157.5,4.25
D09187,4,157.36,
D06278,8,157.35,2.6666666666666665
D08058,7,157.19,2.5
D07208,7,157.16,2.5
D06380,6,157.13,4.0
D03719,5,157.1,
D05038,7,157.09,1.0
D09400,5,157.01000000000002,2.6666666666666665
D02478,10,157.0,5.0
D07419,4,156.95000000000002,4.0
D07474,7,156.86,3.0
D01224,6,156.86,1.0
D05576,8,156.85,2.0
D00198,5,156.79000000000002,2.0
D08339,8,156.79000000000002,3.6666666666666665
D07229,9,156.78,
D02195,6,156.76999999999998,
D07641,7,156.67,2.0
D06565,7,156.60999999999999,3.0
D03088,6,156.57999999999998,3.0
D01724,7,156.54000000000002,2.5
D02612,7,156.49,2.5
D04141,6,156.46,2.6666666666666665
D07980,7,156.45,2.5
D09964,5,156.44,4.333333333333333
D03339,8,156.44,2.6666666666666665
D00229,5,156.43,
D04665,8,156.36,3.6666666666666665
D01125,6,156.32,3.0
D06647,7,156.31,
D04994,8,156.25,2.0
D03861,9,156.23999999999998,2.0
D08850,9,156.20000000000002,4.0
D08075,7,156.17000000000002,3.0
D03661,8,156.07,2.0
D00272,6,156.07,2.8333333333333335
D01795,6,156.05,2.0
D01325,9,156.02,2.0
D04737,7,155.95999999999998,5.0
D07026,8,155.95,3.0
D05621,7,155.91,
D00989,8,155.89,3.5
D01584,7,155.87,4.0
D03566,6,155.85,5.0
D01136,6,155.79000000000002,3.0
D09989,9,155.74999999999997,3.6666666666666665
D06462,11,155.71,2.6666666666666665
D08985,5,155.66,3.0
D06634,7,155.65,
D09525,6,155.62,1.0
D05001,4,155.6,1.0
D01741,5,155.59,5.0
D08743,5,155.51999999999998,3.5
D09929,9,155.5,4.0
D03979,8,155.48999999999998,4.5
D00314,6,155.47,2.5
D05004,6,155.46999999999997,2.5
D06346,5,155.38,5.0
D02139,7,155.28999999999996,1.5
D04678,7,155.26999999999998,4.0
D07915,6,155.24,1.0
D09973,5,155.15,3.3333333333333335
D03438,8,155.14,3.0
D02377,7,155.10999999999999,2.5
D07491,9,155.02,3.0
D01201,5,155.0,1.0
D01139,5,154.94,3.6666666666666665
D02843,7,154.93,2.6666666666666665
D05521,6,154.85999999999999,4.0
D07391,7,154.83999999999997,1.0
D03556,8,154.82999999999998,4.0
D00352,5,154.82000000000002,2.5
D00720,7,154.77,4.0
D02138,6,154.60000000000002,3.5
D01535,8,154.55,2.5
D05450,7,154.51,
D03261,7,154.4,3.6666666666666665
D07758,4,154.4,2.0
D05651,7,154.38,1.5
D08010,7,154.34,3.0
D02665,6,154.19,3.3333333333333335
D06452,6,153.88,3.25
D02254,5,153.85,2.6666666666666665
D06191,6,153.82999999999998,5.0
D09394,6,153.69,1.6666666666666667
D09043,6,153.69,1.0
D00267,6,153.54,3.0
D05229,7,153.51999999999998,3.0
D07895,8,153.5,1.5
D06357,6,153.48,4.0
D00070,5,153.45999999999998,2.5
D07702,7,153.43,1.0
D02501,6,153.28,1.5
D03773,6,153.12,4.0
D00523,8,153.07999999999998,3.0
D07161,8,153.05,3.75
D05252,7,152.94,4.75
D01223,9,152.74,2.75
D09456,11,152.69,3.0
D00979,6,152.68,
D04380,8,152.68,3.0
D01970,6,152.66,4.0
D04982,7,152.66,2.0
D04640,6,152.63,2.0
D05827,7,152.51,3.0
D05484,6,152.47000000000003,5.0
D02701,6,152.35999999999999,3.0
D09857,7,152.34,4.0
D00281,11,152.33999999999997,3.0
D09998,4,152.31,2.0
D00342,9,152.26000000000002,2.0
D04314,6,152.23,3.0
D08906,7,152.1,3.0
D06631,5,152.07,4.0
D04997,6,152.04000000000002,3.0
D00967,7,152.03,3.0
D01958,5,151.92000000000002,4.0
D03970,5,151.81,3.0
D02160,6,151.76000000000002,2.5
D04959,5,151.76,4.0
D00194,7,151.76,4.0
D00932,7,151.72,3.5
D06962,7,151.67,1.0
D00595,7,151.6,
D02994,4,151.47,3.0
D08360,10,151.43,4.5
D07476,6,151.41,4.0
D09243,8,151.40000000000003,2.0
D07869,7,151.40000000000003,4.0
D09897,8,151.37,2.0
D00268,8,151.32999999999998,3.0
D03474,7,151.32,
D04784,8,151.24,1.5
D07195,4,151.20999999999998,2.5
D03969,6,151.16,4.5
D03862,7,151.15,2.3333333333333335
D09564,10,151.06,3.3333333333333335
D02656,8,151.04000000000002,1.0
D09344,5,151.02,
D08203,7,151.01999999999998,2.0
D08431,7,151.01,2.25
D08521,6,151.01,3.0
D08860,5,150.97,3.5
D01526,5,150.96,1.5
D01872,7,150.96,5.0
D05457,5,150.74,2.25
D04481,5,150.74,1.0
D03382,5,150.74,2.0
D01341,6,150.69,3.0
D01395,3,150.64,2.0
D01100,6,150.44,3.3333333333333335
D02772,4,150.41000000000003,4.333333333333333
D05804,5,150.41,4.5
D05475,6,150.34,2.0
D01646,5,150.27,3.5
D01110,6,150.24,3.0
D06274,7,150.07,1.0
D05456,7,150.06,2.5
D09017,5,150.03,2.3333333333333335
D03017,6,149.97,2.0
D08349,7,149.93,2.5
D03618,4,149.79,2.0
D09701,10,149.77999999999997,2.0
D00067,5,149.77,
D01845,7,149.61,3.0
D06422,6,149.58,2.0
D07059,6,149.57,5.0
D07866,10,149.56,5.0
D08793,6,149.24,2.5
D01725,5,149.18,4.0
D02414,7,149.13,4.0
D03407,7,148.89,4.0
D06379,5,148.82,3.0
D04150,7,148.76,3.25
D00454,7,148.70000000000002,1.0
D04854,8,148.70000000000002,2.0
D01658,5,148.59,
D04201,6,148.56,3.0
D00294,6,148.53,2.5
D06575,6,148.5,4.0
D02997,6,148.38000000000002,3.5
D08914,8,148.28,3.25
D04807,5,148.12,4.0
D02035,6,148.12,4.5
D05575,8,148.08999999999997,4.0
D03268,6,148.03,3.0
D06142,5,148.0,4.0
D08507,5,147.98000000000002,2.0
D09027,12,147.89999999999998,2.5
D00585,7,147.89,3.25
D07831,7,147.79,2.0
D07956,7,147.66000000000003,2.0
D00018,7,147.65999999999997,4.5
D05449,6,147.6,3.0
D07773,9,147.59,3.0
D06845,5,147.54,1.0
D02841,6,147.5,4.0
D08152,7,147.49999999999997,2.0
D03739,6,147.37,3.0
D07133,5,147.34,4.0
D01213,6,147.3,
D05711,6,147.28,5.0
D02775,5,147.19,3.0
D05936,7,147.12,3.4
D01961,8,147.1,3.0
D02344,5,147.01,4.0
D00418,5,146.87,4.0
D03833,6,146.85,3.0
D01854,8,146.84,3.0
D07071,7,146.76000000000002,1.0
D05797,4,146.72,3.5
D00455,8,146.26,3.5
D03392,7,146.21,3.6666666666666665
D00655,4,146.17,3.0
D05486,4,146.17,4.0
D06932,9,146.14000000000001,4.0
D08958,7,146.13000000000002,2.6
D00206,8,146.06,3.6666666666666665
D01797,5,146.02,3.0
D09848,6,145.92000000000002,2.0
D05402,5,145.74,5.0
D01116,8,145.54000000000002,3.0
D04401,10,145.5,3.6
D00686,6,145.49,2.5
D02779,6,145.48,3.0
D07760,7,145.46,2.0
D00606,7,145.42000000000002,5.0
D01207,4,145.29000000000002,2.0
D09669,5,145.11,
D09420,7,145.10000000000002,1.0
D02240,3,145.0,
D08655,8,144.95,2.0
D00705,7,144.82,2.3333333333333335
D03714,7,144.78,3.0
D09057,6,144.69,1.0
D09531,6,144.67000000000002,2.5
D04702,5,144.67,5.0
D04906,4,144.66000000000003,
D03269,5,144.62,
D05192,5,144.54999999999998,2.5
D09925,5,144.36,3.0
D09819,7,144.35,2.0
D06234,9,144.34,3.0
D06730,6,144.29999999999998,3.0
D07824,6,144.20000000000002,2.5
D08611,5,144.13,3.0
D06888,6,144.05,2.0
D09980,7,144.0,3.0
D06043,6,143.95999999999998,5.0
D06269,7,143.93,2.0
D09066,8,143.9,5.0
D09356,5,143.78,2.0
D04748,6,143.70999999999998,3.0
D04128,5,143.66,4.0
D07837,5,143.66,
D06602,9,143.20999999999998,3.5
D09283,7,143.2,3.5
D04623,9,143.13,4.5
D06959,6,143.03,
D00460,7,143.01999999999998,1.75
D06036,7,142.99,2.0
D05848,9,142.91000000000003,1.0
D08960,6,142.91,3.5
D04395,6,142.86,1.0
D03234,6,142.73,1.6666666666666667
D05293,5,142.5,3.0
D00269,3,142.49,5.0
D08682,4,142.46,4.5
D05466,6,142.45000000000002,4.5
D05665,5,142.45,4.0
D02158,6,142.36,2.0
D03743,7,142.35000000000002,
D07875,7,142.29,2.5
D07503,6,142.20999999999998,4.0
D05378,7,142.19,3.5
D07121,7,142.14999999999998,1.0
D04016,9,141.85999999999999,1.0
D01272,6,141.85,2.0
D01414,4,141.85,
D01008,6,141.84,2.6666666666666665
D02678,5,141.73000000000002,4.0
D05817,7,141.63,1.5
D01172,5,141.51,4.0
D07832,5,141.5,4.0
D04615,6,141.33,4.0
D08461,6,141.32999999999998,1.0
D03734,5,141.31,2.0
D04616,4,141.3,4.0
D00822,7,141.11,3.3333333333333335
D09805,6,141.08,3.5
D02506,7,141.03,2.0
D00700,10,141.01999999999998,3.0
D07495,6,140.98,3.0
D09955,7,140.84,4.0
D02812,8,140.48,1.5
D09029,7,140.39,2.0
D00315,7,140.39,3.2
D05550,7,140.31,3.0
D08413,7,140.3,4.666666666666667
D02505,6,140.28,3.5
D07172,6,140.18,4.5
D01433,7,140.17000000000002,4.0
D01910,7,140.11,2.3333333333333335
D07703,5,140.07999999999998,2.0
D00448,6,140.07,3.0
D01195,5,140.06,
D04088,8,139.98000000000002,4.0
D01349,9,139.72,4.0
D06463,8,139.69,3.3333333333333335
D04073,4,139.67000000000002,
D07337,8,139.66,4.666666666666667
D06648,11,139.62,
D04848,7,139.6,3.3333333333333335
D03924,8,139.57,3.0
D04135,5,139.51,
D02579,6,139.38,2.0
D07871,6,139.37,
D06299,5,139.22,3.0
D00133,8,139.20999999999998,
D03345,4,139.07999999999998,2.0
D09167,5,139.03,2.0
D04315,6,138.92000000000002,2.0
D04684,6,138.87,4.0
D00051,6,138.74,3.0
D09812,6,138.74,2.0
D09276,5,138.73000000000002,2.2
D06064,5,138.70999999999998,1.6666666666666667
D07687,6,138.64000000000001,2.0
D07843,6,138.56,2.6666666666666665
D03250,6,138.51,1.0
D07139,8,138.47,1.5
D04123,11,138.42000000000002,
D07655,6,138.28,3.0
D01580,6,138.20999999999998,3.0
D09950,6,138.12,4.0
D01937,8,138.04,2.3333333333333335
D09491,7,138.01999999999998,1.6666666666666667
D07736,5,137.83,4.0
D08913,5,137.82999999999998,3.0
D07190,9,137.82,3.5
D09320,7,137.58,3.0
D09292,10,137.49,2.6666666666666665
D06791,5,137.45999999999998,4.0
D07766,6,137.43,4.0
D00951,4,137.35999999999999,3.0
D08369,5,137.17000000000002,2.0
D02077,8,137.12,
D08875,4,137.06,
D07450,6,136.98,2.3333333333333335
D00920,5,136.97000000000003,2.5
D01780,7,136.96,1.0
D06174,6,136.91,1.5
D06744,6,136.88,3.3333333333333335
D02391,5,136.84,4.5
D04241,5,136.81,2.75
D00787,7,136.81,1.0
D00042,4,136.79999999999998,5.0
D04590,7,136.76999999999998,1.0
D08644,7,136.71,5.0
D01252,6,136.62,2.0
D01597,8,136.59,1.0
D05461,8,136.54000000000002,3.0
D08399,6,136.53,3.3333333333333335
D05025,6,136.52999999999997,2.5
D05131,8,136.5,3.3333333333333335
D01506,8,136.44,2.0
D01662,6,136.41000000000003,2.5
D02873,6,136.31,1.5
D04846,10,136.29000000000002,2.0
D08792,5,136.25,2.0
D06727,6,136.05,4.0
D06923,4,136.0,3.0
D03469,9,135.98000000000002,3.6666666666666665
D08786,4,135.83,5.0
D08725,7,135.81,2.5
D03140,9,135.67000000000002,4.0
D03075,4,135.55,3.0
D01377,6,135.54,2.6666666666666665
D04163,4,135.46,3.5
D07725,6,135.43,3.0
D01263,5,135.41,2.3333333333333335
D03534,5,135.31,
D02466,6,135.10999999999999,3.0
D09262,8,135.1,3.3333333333333335
D02284,5,135.07,3.5
D04685,7,135.06,5.0
D02262,5,135.06,5.0
D01670,9,135.03,3.6666666666666665
D03169,5,134.99,2.5
D00353,9,134.98000000000002,1.75
D03018,4,134.95999999999998,2.0
D02353,6,134.95,3.0
D02347,7,134.91,3.0
D07466,8,134.9,3.0
D04206,4,134.66,
D06822,6,134.65,2.0
D05620,7,134.64000000000001,
D04507,7,134.57999999999998,3.3333333333333335
D00368,8,134.55,2.0
D09390,7,134.53,3.0
D00115,5,134.46,3.0
D06465,7,134.43,4.0
D03132,4,134.41,4.0
D06246,6,134.32,4.0
D05483,6,134.22,2.6666666666666665
D06719,5,133.97,
D07418,7,133.96,
D00093,6,133.94,
D03548,6,133.93,1.5
D01928,4,133.91,1.5
D08528,6,133.87,3.0
D07439,5,133.82,3.0
D03678,11,133.81,3.0
D09847,5,133.8,2.6666666666666665
D00495,6,133.79000000000002,1.6666666666666667
D04223,4,133.74,2.0
D09030,5,133.71,5.0
D03062,6,133.59,3.5
D05134,9,133.55,4.0
D06624,6,133.5,4.0
D00080,6,133.49,3.0
D02123,5,133.45,3.3333333333333335
D02005,4,133.44,3.0
D07345,6,133.34,3.25
D05866,4,133.29,5.0
D07428,4,133.29,
D01779,7,133.21,3.0
D02465,8,133.18,3.0
D08221,5,133.07999999999998,4.0
D01701,4,133.04,1.5
D02697,6,132.97,
D07055,7,132.95,3.0
D05857,7,132.82,5.0
D07150,8,132.79000000000002,2.8
D03882,6,132.75,2.3333333333333335
D01507,6,132.70999999999998,
D09522,7,132.69,1.0
D05509,7,132.49,3.5
D07338,6,132.49,3.0
D01993,6,132.48000000000002,1.0
D08621,5,132.37,3.6666666666666665
D05319,5,132.34,3.0
D04371,6,132.32,4.0
D02886,6,132.26,3.0
D05592,5,132.22,
D04776,7,132.12,1.0
D09691,6,132.07,2.5
D01006,5,132.01,1.0
D05638,6,131.87,4.0
D08140,7,131.87,4.0
D04738,8,131.73,1.6666666666666667
D05690,5,131.72,
D09279,8,131.55,1.0
D09730,5,131.48,2.3333333333333335
D01442,7,131.47000000000003,2.0
D04596,8,131.45,2.0
D03421,5,131.42,4.333333333333333
D09567,4,131.39999999999998,3.3333333333333335
D05005,6,131.35999999999999,1.0
D05780,5,131.31,4.0
D00707,7,131.2,3.6666666666666665
D08899,5,131.19,3.0
D06147,6,131.18,4.0
D04439,6,131.18,3.5
D03162,5,131.16000000000003,3.0
D06330,10,131.12,4.0
D04888,8,131.1,3.5
D01843,5,131.07999999999998,3.0
D06507,5,130.87,2.3333333333333335
D08893,6,130.86,1.5
D01868,7,130.85,5.0
D09581,6,130.79999999999998,1.0
D02633,9,130.69,3.0
D08259,5,130.64000000000001,3.0
D05445,7,130.55,4.666666666666667
D09349,6,130.55,4.0
D06146,5,130.51999999999998,2.5
D01359,3,130.45,
D06972,7,130.44,
D04433,9,130.44,2.3333333333333335
D00833,8,130.42000000000002,3.0
D01117,8,130.4,1.0
D09992,5,130.22,5.0
D04933,6,129.94,4.5
D09906,5,129.85,2.0
D00324,6,129.82,3.0
D06589,6,129.79000000000002,2.0
D04880,6,129.66,2.0
D05143,8,129.58999999999997,5.0
D06394,5,129.57,4.333333333333333
D08406,5,129.51,4.0
D04870,6,129.39000000000001,2.0
D05707,6,129.27,2.0
D05879,6,129.18,5.0
D06316,5,129.12,4.5
D05737,4,128.97,2.3333333333333335
D06082,8,128.92,4.0
D06154,5,128.89000000000001,2.5
D07716,6,128.89,2.3333333333333335
D08159,7,128.89,3.0
D05540,4,128.7,1.0
D01400,4,128.69,
D04899,5,128.63,3.0
D07283,6,128.63,5.0
D02832,6,128.51,3.5
D06207,6,128.28,3.0
D07992,6,128.23000000000002,3.0
D02373,5,127.93,
D03136,6,127.84,
D02093,6,127.8,2.0
D09444,5,127.69999999999999,2.0
D07719,5,127.6,5.0
D07433,5,127.55999999999999,
D09476,6,127.53,2.6666666666666665
D02411,5,127.50999999999999,3.0
D06691,7,127.44,4.0
D00525,8,127.4,
D00381,7,127.28999999999999,
D06505,5,127.28,2.0
D00576,7,127.18,2.0
D09367,4,127.11000000000001,3.0
D03693,6,127.03999999999999,1.0
D03658,7,127.01999999999998,2.0
D05757,5,126.92999999999999,
D02903,5,126.73,2.5
D04523,8,126.68,3.25
D07228,6,126.64000000000001,4.0
D01065,6,126.35,4.0
D07632,7,126.32,2.6666666666666665
D04720,9,126.3,
D04877,6,126.28,3.5
D05570,5,125.86999999999999,3.6
D09034,7,125.86,5.0
D05157,7,125.82999999999998,5.0
D07068,8,125.77,2.0
D08558,4,125.67999999999999,1.0
D06214,4,125.67999999999999,5.0
D07343,4,125.67000000000002,3.5
D01058,4,125.56,3.0
D02198,7,125.46,3.0
D00855,9,125.38000000000001,1.0
D08358,6,125.32000000000001,4.0
D08887,7,125.25000000000001,3.0
D05601,3,125.12,2.0
D06120,5,125.1,4.0
D09719,7,125.05,2.0
D03266,6,124.98,1.5
D08609,8,124.91999999999999,2.0
D01804,6,124.91,2.0
D06193,6,124.78999999999999,3.5
D01383,7,124.5,
D04171,5,124.45,4.5
D05489,6,124.33999999999999,1.0
D09449,6,124.31000000000002,2.3333333333333335
D00293,7,124.21000000000001,2.5
D09901,4,124.19999999999999,3.0
D07961,9,124.07000000000001,5.0
D07280,6,123.99000000000001,4.333333333333333
D07050,4,123.80000000000001,4.0
D07610,4,123.76999999999998,3.0
D06734,4,123.68,5.0
D06435,5,123.61,
D05299,5,123.53999999999999,4.0
D01964,5,123.52000000000001,1.5
D07200,9,123.47,2.5
D04526,6,123.46000000000001,
D01364,5,123.46,3.5
D07205,5,123.44,4.0
D05013,5,123.35,4.0
D00396,5,123.32999999999998,2.5
D00378,5,123.23,3.0
D06453,4,123.14,2.5
D03188,5,123.07000000000001,
D09747,8,123.03,2.75
D03020,7,122.97,2.0
D04676,6,122.93,3.0
D09871,5,122.93,3.6666666666666665
D01357,7,122.69999999999999,2.0
D08971,5,122.62,
D02645,6,122.5,1.0
D03209,7,122.30000000000001,1.0
D07243,4,122.19999999999999,4.0
D02180,6,122.09,2.0
D07366,4,122.06,
D09588,6,121.76,3.0
D04851,8,121.68,4.0
D02750,5,121.63,3.5
D07983,5,121.61000000000001,2.0
D03628,5,121.60000000000001,
D04890,3,121.35,4.0
D03322,7,121.30000000000001,3.0
D05119,8,121.29999999999998,
D02422,7,121.28,3.5
D01003,5,121.25,5.0
D09137,5,121.19,2.0
D07935,5,121.13,2.0
D06396,6,121.08000000000001,4.0
D05371,4,120.90999999999998,4.0
D03633,8,120.88,5.0
D00519,6,120.78,3.5
D07352,6,120.72999999999999,
D05919,4,120.46999999999998,3.0
D05027,11,120.42,1.0
D07482,7,120.4,3.0
D00030,6,120.39999999999999,3.6666666666666665
D03498,8,120.14000000000001,3.0
D02153,5,119.97999999999999,4.5
D06386,4,119.82,
D06430,4,119.75999999999999,
D00374,8,119.75,2.0
D01458,4,119.44999999999999,4.0
D08304,5,119.44,2.6666666666666665
D03968,9,119.43,2.0
D07424,4,119.33,4.333333333333333
D05306,5,119.28,2.0
D04017,5,119.2,3.0
D08594,6,119.19,4.0
D07585,5,119.12,4.0
D02050,6,119.03,1.0
D01902,4,119.01000000000002,4.0
D08244,2,118.96000000000001,4.5
D04466,6,118.88,3.5
D03573,6,118.76,3.5
D04385,5,118.73,3.75
D04325,6,118.72999999999999,1.0
D06260,6,118.69000000000001,2.0
D06626,4,118.66,1.0
D08796,7,118.64999999999999,1.0
D05610,6,118.64999999999999,
D05593,4,118.41999999999999,2.3333333333333335
D06870,5,118.35000000000001,3.0
D03707,8,118.27000000000001,3.6
D04733,7,118.25999999999999,2.0
D01190,5,118.25,2.0
D06872,7,118.07999999999998,1.0
D02394,5,117.98999999999998,3.6666666666666665
D01884,5,117.98999999999998,5.0
D09997,7,117.86,3.6666666666666665
D02426,6,117.66,4.0
D05560,7,117.63,4.2
D02156,4,117.63,
D06016,5,117.56,2.0
D03836,6,117.32999999999998,3.0
D09621,8,117.19000000000001,4.5
D02756,6,117.19,3.0
D09504,6,117.09,
D09751,5,117.03,4.0
D07818,5,116.86,1.0
D06161,10,116.8,4.5
D07764,7,116.74,3.0
D00562,7,116.55000000000001,4.0
D07898,4,116.55000000000001,4.5
D09383,6,116.52000000000001,1.6666666666666667
D01577,6,116.52,
D07900,6,116.50999999999999,3.3333333333333335
D02016,5,116.50999999999999,3.0
D07446,3,116.49,3.0
D07634,7,116.22,3.25
D01925,7,116.20999999999998,2.6666666666666665
D05983,8,116.11999999999999,4.0
D07036,4,116.11,1.0
D09275,4,116.1,2.0
D09311,5,116.08,
D00501,5,115.96,3.5
D02988,6,115.9,2.0
D04080,5,115.9,
D05791,8,115.78,2.3333333333333335
D09920,3,115.57999999999998,1.0
D05839,7,115.53,1.5
D08308,4,115.52000000000001,4.0
D03585,6,115.32000000000001,5.0
D02526,3,115.31,2.0
D06891,5,115.31,1.0
D01484,7,115.23,2.3333333333333335
D02339,4,115.13999999999999,2.5
D03148,6,115.10999999999999,2.0
D00956,4,114.99000000000001,2.0
D05819,5,114.94,3.0
D07840,6,114.94,3.5
D06132,4,114.87,2.0
D07939,5,114.78,1.0
D06410,8,114.59,3.0
D01731,4,114.38999999999999,
D05794,5,114.36999999999999,
D07151,6,114.31,2.0
D03458,3,114.25,
D03068,6,114.05000000000001,5.0
D02595,5,113.85,
D01985,3,113.84,3.0
D09735,5,113.78999999999999,4.5
D07434,6,113.74000000000001,3.5
D03795,6,113.71000000000001,3.5
D02653,8,113.66999999999999,1.0
D00156,8,113.56,3.0
D03375,5,113.55,4.0
D06748,6,113.48,
D01457,4,113.46000000000001,5.0
D07906,3,113.37,1.0
D04530,5,113.09,3.5
D00737,6,113.03,3.3333333333333335
D00424,5,112.79999999999998,4.0
D05167,5,112.69999999999999,3.0
D01502,6,112.5,2.5
D04969,4,112.46000000000001,2.5
D02763,7,112.43000000000002,1.0
D02381,6,112.36,2.0
D01996,5,112.31,2.25
D06840,8,112.3,5.0
D02969,3,112.20000000000002,1.0
D08443,7,112.17999999999998,2.6666666666666665
D05602,7,112.09,2.75
D03406,3,112.05,2.0
D00130,6,112.04999999999998,1.0
D01691,7,111.91,1.0
D05534,5,111.78999999999999,
D07855,9,111.71000000000001,3.0
D04861,6,111.67,3.0
D06596,6,111.62,4.0
D03869,7,111.55999999999999,3.0
D07265,6,111.47,1.5
D08083,5,111.44000000000001,
D09147,4,111.23,1.0
D05531,8,111.14000000000001,3.0
D05245,6,111.06000000000002,3.0
D05752,5,111.05,2.0
D06836,7,110.99999999999999,2.0
D09736,7,110.99000000000001,2.0
D06952,11,110.96000000000001,2.0
D08762,6,110.88,2.5
D09425,3,110.65,3.0
D01337,6,110.64999999999999,5.0
D03084,7,110.63999999999999,3.0
D01816,6,110.53,3.0
D00959,7,110.41,4.333333333333333
D02824,7,110.21000000000001,5.0
D03627,4,110.19,3.6666666666666665
D08084,6,110.07000000000001,2.0
D03568,5,109.97,2.0
D06841,6,109.91,3.0
D00591,3,109.84,2.0
D07844,5,109.71,3.0
D07119,4,109.47,1.5
D02738,5,109.47,
D08485,4,109.44000000000001,2.0
D07327,6,109.44,2.0
D08516,5,109.36999999999999,
D09990,6,109.33999999999999,
D04393,5,109.3,2.0
D08692,5,109.27,1.0
D06426,5,109.16999999999999,4.0
D02194,6,109.15999999999998,4.5
D08013,6,109.13999999999999,
D00400,8,109.13,4.0
D01778,5,109.11,2.6666666666666665
D02567,9,108.98,3.6666666666666665
D00398,4,108.94999999999999,1.0
D08034,6,108.8,2.3333333333333335
D02129,7,108.66000000000001,1.0
D00939,4,108.63999999999999,3.5
D07737,5,108.56,
D09451,6,108.47,4.0
D03936,4,108.44,3.0
D08995,4,108.37,
D03913,4,108.31,5.0
D05423,6,108.24000000000001,5.0
D05227,6,108.21,4.0
D00667,7,107.83000000000001,1.6666666666666667
D09838,3,107.41999999999999,4.0
D03201,5,107.25999999999999,5.0
D04758,5,107.2,2.3333333333333335
D06761,8,107.06,2.5
D09165,6,106.96000000000001,3.0
D04425,6,106.94999999999999,4.0
D08092,4,106.6,
D04614,5,106.59,3.0
D05015,4,106.57,1.0
D01802,5,106.56,5.0
D04283,4,106.46000000000001,3.0
D05776,2,106.43,5.0
D09994,6,106.22999999999999,4.0
D01613,5,106.21,
D02435,6,106.16,2.5
D03681,5,106.1,4.0
D08263,4,106.02,4.5
D06123,4,106.0,1.0
D03905,7,105.77000000000001,2.6666666666666665
D06922,4,105.75,5.0
D01939,6,105.62,3.0
D07723,4,105.36,4.666666666666667
D08126,3,105.36,4.0
D04236,6,105.27,3.0
D04819,4,105.15,
D08307,4,105.03999999999999,3.0
D05714,6,105.01,2.5
D09702,7,104.94999999999999,4.0
D08527,9,104.92999999999999,2.5
D06970,5,104.86,1.0
D00172,4,104.85,
D01612,4,104.84,2.0
D00577,6,104.76999999999998,5.0
D09423,7,104.72,4.0
D04841,3,104.71,3.0
D04753,4,104.57,3.0
D04324,7,104.42,3.5
D01608,8,104.42,3.0
D03288,5,104.19,4.0
D01244,5,104.13,3.0
D06515,3,104.11000000000001,2.0
D02661,4,103.97999999999999,2.0
D02472,6,103.94000000000001,2.6666666666666665
D03167,5,103.94,2.6666666666666665
D08336,4,103.73,3.5
D03216,4,103.65,3.0
D02302,3,103.56,2.0
D01682,5,103.44,1.0
D00379,5,103.16,
D06682,4,102.99000000000001,1.0
D05703,6,102.81,
D03479,6,102.76,3.5
D07978,3,102.60999999999999,3.0
D03170,4,102.22999999999999,3.0
D00425,6,102.08999999999999,1.0
D08500,7,102.08999999999999,4.5
D01454,6,101.88999999999999,
D06943,5,101.82000000000001,1.0
D06244,4,101.68,5.0
D09439,6,101.67999999999999,5.0
D01531,4,101.59,
D07536,6,101.10999999999999,
D03399,6,100.98,1.0
D04479,4,100.91,3.5
D00180,5,100.85999999999999,3.0
D08841,6,100.69,3.3333333333333335
D00998,6,100.52,4.0
D03065,7,100.44,5.0
D06456,7,100.19999999999999,3.3333333333333335
D03045,7,100.19,3.0
D00138,5,100.13999999999999,2.5
D05800,3,100.07000000000001,
D05488,6,100.07000000000001,3.0
D03794,5,99.93,2.5
D02067,7,99.83,5.0
D09410,5,99.56,3.0
D06551,5,99.39,1.0
D04934,6,99.33000000000001,
D02830,5,99.12,5.0
D01553,5,99.11,
D09332,4,99.06,1.0
D02680,4,99.03,2.5
D02625,8,99.02000000000001,5.0
D07277,4,98.88999999999999,3.0
D02324,4,98.87,
D03807,5,98.75,5.0
D01560,3,98.56,3.0
D05643,8,98.51,1.0
D09544,4,98.16,2.0
D00129,6,97.94,1.0
D01849,5,97.85000000000001,
D08044,6,97.72,3.6666666666666665
D08790,6,97.63,
D00132,8,97.56,5.0
D09072,5,97.46000000000001,5.0
D02288,4,97.4,5.0
D04708,5,96.86,3.0
D07353,3,96.53999999999999,5.0
D05226,2,96.22,
D04852,5,96.2,4.0
D04286,5,95.93,3.0
D09726,5,95.63999999999999,4.0
D03579,3,95.57,4.0
D01233,6,95.47,3.0
D07271,3,95.27,4.0
D04000,8,94.96,
D00621,3,94.64000000000001,
D04808,4,94.26,1.0
D08471,5,94.1,
D05334,4,93.93,2.0
D02092,7,93.88,4.0
D08394,7,93.5,2.0
D01441,4,93.23,1.0
D07568,7,93.19,3.0
D06116,6,93.16,3.6666666666666665
D08187,5,93.05000000000001,3.0
D01629,4,92.71000000000001,
D05514,4,92.68,4.0
D07156,5,92.61000000000001,
D08495,4,92.5,
D00060,3,92.46000000000001,3.0
D05050,5,92.42,3.6666666666666665
D06821,5,92.42,3.6666666666666665
D07885,2,92.16,1.0
D04050,5,92.1,4.5
D03933,4,91.83,5.0
D07378,3,91.81,1.5
D08281,5,91.74,3.5
D08739,6,91.44,2.0
D06966,4,91.13,
D06793,3,91.07000000000001,2.0
D01413,3,90.98,1.0
D01907,7,90.84,2.5
D08542,4,90.75999999999999,4.0
D03290,5,90.75,5.0
D06445,4,90.49000000000001,1.0
D00411,3,90.19,2.0
D06709,5,90.10000000000001,3.0
D09659,6,89.83000000000001,2.5
D05002,7,89.61,3.5
D00718,5,89.6,3.0
D06796,8,89.44,1.6666666666666667
D09774,4,89.41,5.0
D09370,3,89.39,3.6666666666666665
D04152,8,89.19,3.3333333333333335
D04735,6,88.86,3.5
D06818,5,88.84,1.0
D08651,5,88.81,1.0
D08803,4,88.8,
D06786,4,88.71,2.5
D09013,5,88.7,5.0
D05460,4,88.67,3.0
D08750,3,88.50000000000001,2.5
D07711,4,88.33,3.0
D09151,5,88.28,3.5
D03609,2,87.81,1.0
D09459,4,87.75,5.0
D03505,4,87.71,
D02984,6,87.69000000000001,4.0
D04043,9,87.69,5.0
D09234,4,87.64,3.0
D07986,6,87.63,5.0
D00041,6,87.55000000000001,4.5
D06232,4,87.52000000000001,3.0
D07048,4,87.46000000000001,
D01681,6,87.31,
D05843,7,87.25,2.0
D07032,3,86.97,3.0
D02388,9,86.52000000000001,3.0
D03486,5,86.24000000000001,
D08230,5,86.05000000000001,5.0
D04501,7,85.72999999999999,
D02540,2,85.3,
D00672,7,85.17,4.0
D02673,4,84.41000000000001,2.0
D09995,6,84.15,5.0
D08310,4,83.37,1.5
D02202,4,83.26,
D02868,4,82.97999999999999,3.3333333333333335
D02225,3,82.71000000000001,4.5
D08157,5,82.64000000000001,5.0
D00563,3,82.47,1.0
D02628,4,82.42999999999999,2.0
D04730,4,82.39,2.5
D03754,6,82.28,3.0
D07707,5,81.91,3.0
D05877,6,81.57000000000001,1.3333333333333333
D01866,6,81.32,
D08842,2,81.22999999999999,1.0
D08279,5,80.99,2.0
D09677,4,80.9,3.0
D07512,3,80.51,3.5
D04388,4,80.47,1.0
D08499,6,80.41000000000001,5.0
D06547,3,80.39,
D01564,4,80.2,3.5
D01138,4,80.06,
D02154,3,79.89,5.0
D04489,3,79.77000000000001,
D01549,3,79.46000000000001,2.5
D03971,5,78.84,3.0
D06805,4,78.53,2.0
D00697,6,78.25,1.5
D08238,5,78.02000000000001,
D03944,6,77.96000000000001,
D04327,6,77.68,
D07640,4,77.66,
D08936,6,77.61,3.0
D09552,6,77.56,
D02230,4,77.44,2.5
D07188,4,77.31,1.0
D06866,5,77.05,4.0
D06250,5,76.92,1.0
D08037,4,76.9,
D01177,4,75.83,2.5
D05833,7,75.65,3.0
D05959,2,75.44,
D04427,3,74.43,5.0
D04504,4,74.25,1.0
D05308,2,73.99000000000001,1.0
D05383,5,73.83,3.0
D03158,3,73.42,
D06650,5,73.19,4.0
D09277,5,72.92999999999999,4.0
D07677,3,72.01,4.5
D01437,4,72.00999999999999,4.0
D09241,3,71.47,1.0
D08045,6,71.42,2.0
D01232,6,71.28,1.0
D02329,3,71.16,2.0
D07480,5,71.12,
D01045,3,70.56,2.0
D02900,4,70.5,5.0
D07873,5,70.36,3.0
D03619,4,70.14,1.0
D05777,4,70.01,4.0
D03991,4,68.96000000000001,3.5
D04423,5,67.92,3.5
D02828,4,67.62,3.3333333333333335
D05051,6,67.58,1.0
D00861,5,67.14,5.0
D04253,7,66.75,
D08089,3,66.17999999999999,4.5
D08813,4,65.95,1.0
D03699,6,65.54,
D00259,4,65.5,
D02111,4,65.23,3.0
D04298,5,64.32,3.3333333333333335
D00090,6,64.02000000000001,1.0
D08296,4,63.650000000000006,3.0
D08096,3,63.41,3.0
D02355,4,63.239999999999995,2.5
D00202,8,62.129999999999995,2.0
D07525,2,61.42,5.0
D08000,5,61.379999999999995,2.3333333333333335
D08227,3,61.22,2.0
D08935,3,60.959999999999994,
D01915,2,60.839999999999996,
D01827,4,60.76,
D07462,4,60.54,3.0
D03701,4,59.63999999999999,4.0
D07335,4,59.550000000000004,1.0
D07954,4,59.42,
D04081,4,59.150000000000006,4.0
D04725,3,58.97,
D03157,5,58.6,3.0
D00245,5,58.480000000000004,4.0
D01385,5,58.230000000000004,1.0
D05538,4,56.82,2.5
D03320,4,56.55,
D01594,6,55.81,3.0
D09328,4,55.379999999999995,2.0
D07066,4,55.22,2.0
D07867,7,54.18,4.0
D04362,2,54.07,
D05641,7,54.01,3.0
D06771,2,53.72,
D04348,3,52.39,3.0
D07375,5,51.07,1.0
D06106,5,50.879999999999995,
D08548,4,47.95,
D03631,3,47.800000000000004,
D00661,5,47.34,4.0
D01150,5,46.56,5.0
D00924,3,46.12,
D09246,4,45.89,2.0
D03003,5,45.19,1.5
D04485,2,44.63,
D07635,3,43.8,
D01022,2,42.75,
D06728,4,41.24,2.0
D08332,5,41.05,5.0
D01657,1,39.82,
D00536,5,38.72,
D09965,2,38.44,2.0
D01390,3,35.18,1.0
D01329,2,31.490000000000002,
D09941,2,30.55,
D03570,4,30.4,3.6666666666666665
D09452,2,25.92,3.0
D03282,3,24.67,2.0
D01118,3,23.47,3.0
D01297,3,22.48,1.0
D09056,3,22.41,3.0
D06202,5,21.64,3.0
D03616,2,17.01,
D01791,5,15.82,2.0
D09044,2,15.72,
D08178,1,15.35,5.0
D05360,4,13.57,
D06781,2,10.93,
D00808,2,10.08,
